 ~ Iteration number:3 ~ Moving @2 per
{2, 2, 0, 0, 0, 2, 2, 4, 4, 6, 6, 6, 4, 4, 6, 8, 8, 10, 10, 12, 14, 14, 12, 12, 14, 14, 12, 10, 10, 8, 8, 8,  8, 10, 10, 12, 14, 14, 12, 12, 14, 14, 12, 10, 10,  8,  8,  6,  4,  4,  6,  6, 6, 4,  4,  2, 2, 0,  0,  0,  2,  2,  0, 0, }// XCOOR
{0, 2, 2, 4, 6, 6, 4, 4, 6, 6, 4, 2, 2, 0, 0, 0, 2,  2,  0,  0,  0,  2,  2,  4,  4,  6,  6,  6,  4, 4, 6, 8, 10, 10,  8,  8,  8, 10, 10, 12, 12, 14, 14, 14, 12, 12, 14, 14, 14, 12, 12, 10, 8, 8, 10, 10, 8, 8, 10, 12, 12, 14, 14, 0, }// YCOOR

 ~ Iteration number:2 ~ Moving @2 per
{0, 2, 2, 4, 6, 6, 4, 4, 6, 6, 4, 2, 2, 0, 0, 0, 0, 0, 0, 0, 0, 0, }// XCOOR
{2, 2, 0, 0, 0, 2, 2, 4, 4, 6, 6, 6, 4, 4, 6, 0, 0, 0, 0, 0, 0, 0, }// YCOOR

 ~ Iteration number:4 ~ Moving @2 per
{0, 2, 2, 4, 6, 6, 4, 4, 6, 6, 4, 2, 2, 0, 0, 0, 2,  2,  0,  0,  0,  2,  2,  4,  4,  6,  6,  6,  4, 4, 6, 8, 10, 10,  8,  8,  8, 10, 10, 12, 12, 14, 14, 14, 12, 12, 14, 14, 14, 12, 12, 10, 8, 8, 10, 10, 8, 8, 10, 12, 12, 14, 14, 16, 18, 18, 16, 16, 16, 18, 18, 20, 20, 22, 22, 22, 20, 20, 22, 24, 24, 26, 26, 28, 30, 30, 28, 28, 30, 30, 28, 26, 26, 24, 24, 24, 24, 26, 26, 28, 30, 30, 28, 28, 30, 30, 28, 26, 26, 24, 24, 22, 20, 20, 22, 22, 22, 20, 20, 18, 18, 16, 16, 16, 18, 18, 16, 16, 18, 18, 16, 16, 16, 18, 18, 20, 20, 22, 22, 22, 20, 20, 22, 24, 24, 26, 26, 28, 30, 30, 28, 28, 30, 30, 28, 26, 26, 24, 24, 24, 24, 26, 26, 28, 30, 30, 28, 28, 30, 30, 28, 26, 26, 24, 24, 22, 20, 20, 22, 22, 22, 20, 20, 18, 18, 16, 16, 16, 18, 18, 16, 14, 14, 12, 12, 10,  8,  8, 10, 10,  8,  8, 10, 12, 12, 14, 14, 14, 12, 12, 14, 14, 14, 12, 12, 10, 10,  8,  8,  8, 10, 10,  8,  6,  4,  4,  6,  6,  6,  4,  4,  2,  2,  0,  0,  0,  2,  2,  0,  0,  0,  2,  2,  4,  6,  6,  4,  4,  6,  6,  4,  2,  2,  0,  0, 0, }// XCOOR
{2, 2, 0, 0, 0, 2, 2, 4, 4, 6, 6, 6, 4, 4, 6, 8, 8, 10, 10, 12, 14, 14, 12, 12, 14, 14, 12, 10, 10, 8, 8, 8,  8, 10, 10, 12, 14, 14, 12, 12, 14, 14, 12, 10, 10,  8,  8,  6,  4,  4,  6,  6, 6, 4,  4,  2, 2, 0,  0,  0,  2,  2,  0,  0,  0,  2,  2,  4,  6,  6,  4,  4,  6,  6,  4,  2,  2,  0,  0,  0,  2,  2,  0,  0,  0,  2,  2,  4,  4,  6,  6,  6,  4,  4,  6,  8, 10, 10,  8,  8,  8, 10, 10, 12, 12, 14, 14, 14, 12, 12, 14, 14, 14, 12, 12, 10,  8,  8, 10, 10,  8,  8, 10, 12, 12, 14, 14, 16, 16, 18, 18, 20, 22, 22, 20, 20, 22, 22, 20, 18, 18, 16, 16, 16, 18, 18, 16, 16, 16, 18, 18, 20, 20, 22, 22, 22, 20, 20, 22, 24, 26, 26, 24, 24, 24, 26, 26, 28, 28, 30, 30, 30, 28, 28, 30, 30, 30, 28, 28, 26, 24, 24, 26, 26, 24, 24, 26, 28, 28, 30, 30, 30, 28, 28, 30, 30, 30, 28, 28, 26, 26, 24, 24, 24, 26, 26, 24, 22, 22, 20, 20, 18, 16, 16, 18, 18, 16, 16, 18, 20, 20, 22, 22, 22, 22, 20, 20, 18, 16, 16, 18, 18, 16, 16, 18, 20, 20, 22, 22, 24, 26, 26, 24, 24, 24, 26, 26, 28, 28, 30, 30, 30, 28, 28, 30, 0, }// YCOOR

 ~ Iteration number:5 ~ Moving @2 per
{2, 2, 0, 0, 0, 2, 2, 4, 4, 6, 6, 6, 4, 4, 6, 8, 8, 10, 10, 12, 14, 14, 12, 12, 14, 14, 12, 10, 10, 8, 8, 8,  8, 10, 10, 12, 14, 14, 12, 12, 14, 14, 12, 10, 10,  8,  8,  6,  4,  4,  6,  6, 6, 4,  4,  2, 2, 0,  0,  0,  2,  2,  0,  0,  0,  2,  2,  4,  6,  6,  4,  4,  6,  6,  4,  2,  2,  0,  0,  0,  2,  2,  0,  0,  0,  2,  2,  4,  4,  6,  6,  6,  4,  4,  6,  8, 10, 10,  8,  8,  8, 10, 10, 12, 12, 14, 14, 14, 12, 12, 14, 14, 14, 12, 12, 10,  8,  8, 10, 10,  8,  8, 10, 12, 12, 14, 14, 16, 16, 18, 18, 20, 22, 22, 20, 20, 22, 22, 20, 18, 18, 16, 16, 16, 18, 18, 16, 16, 16, 18, 18, 20, 20, 22, 22, 22, 20, 20, 22, 24, 26, 26, 24, 24, 24, 26, 26, 28, 28, 30, 30, 30, 28, 28, 30, 30, 30, 28, 28, 26, 24, 24, 26, 26, 24, 24, 26, 28, 28, 30, 30, 30, 28, 28, 30, 30, 30, 28, 28, 26, 26, 24, 24, 24, 26, 26, 24, 22, 22, 20, 20, 18, 16, 16, 18, 18, 16, 16, 18, 20, 20, 22, 22, 22, 22, 20, 20, 18, 16, 16, 18, 18, 16, 16, 18, 20, 20, 22, 22, 24, 26, 26, 24, 24, 24, 26, 26, 28, 28, 30, 30, 30, 28, 28, 30, 32, 32, 34, 34, 36, 38, 38, 36, 36, 38, 38, 36, 34, 34, 32, 32, 32, 34, 34, 32, 32, 32, 34, 34, 36, 36, 38, 38, 38, 36, 36, 38, 40, 42, 42, 40, 40, 40, 42, 42, 44, 44, 46, 46, 46, 44, 44, 46, 46, 46, 44, 44, 42, 40, 40, 42, 42, 40, 40, 42, 44, 44, 46, 46, 48, 50, 50, 48, 48, 48, 50, 50, 52, 52, 54, 54, 54, 52, 52, 54, 56, 56, 58, 58, 60, 62, 62, 60, 60, 62, 62, 60, 58, 58, 56, 56, 56, 56, 58, 58, 60, 62, 62, 60, 60, 62, 62, 60, 58, 58, 56, 56, 54, 52, 52, 54, 54, 54, 52, 52, 50, 50, 48, 48, 48, 50, 50, 48, 48, 50, 50, 48, 48, 48, 50, 50, 52, 52, 54, 54, 54, 52, 52, 54, 56, 56, 58, 58, 60, 62, 62, 60, 60, 62, 62, 60, 58, 58, 56, 56, 56, 56, 58, 58, 60, 62, 62, 60, 60, 62, 62, 60, 58, 58, 56, 56, 54, 52, 52, 54, 54, 54, 52, 52, 50, 50, 48, 48, 48, 50, 50, 48, 46, 46, 44, 44, 42, 40, 40, 42, 42, 40, 40, 42, 44, 44, 46, 46, 46, 44, 44, 46, 46, 46, 44, 44, 42, 42, 40, 40, 40, 42, 42, 40, 38, 36, 36, 38, 38, 38, 36, 36, 34, 34, 32, 32, 32, 34, 34, 32, 32, 32, 34, 34, 36, 38, 38, 36, 36, 38, 38, 36, 34, 34, 32, 32, 32, 32, 34, 34, 36, 38, 38, 36, 36, 38, 38, 36, 34, 34, 32, 32, 32, 34, 34, 32, 32, 32, 34, 34, 36, 36, 38, 38, 38, 36, 36, 38, 40, 42, 42, 40, 40, 40, 42, 42, 44, 44, 46, 46, 46, 44, 44, 46, 46, 46, 44, 44, 42, 40, 40, 42, 42, 40, 40, 42, 44, 44, 46, 46, 48, 50, 50, 48, 48, 48, 50, 50, 52, 52, 54, 54, 54, 52, 52, 54, 56, 56, 58, 58, 60, 62, 62, 60, 60, 62, 62, 60, 58, 58, 56, 56, 56, 56, 58, 58, 60, 62, 62, 60, 60, 62, 62, 60, 58, 58, 56, 56, 54, 52, 52, 54, 54, 54, 52, 52, 50, 50, 48, 48, 48, 50, 50, 48, 48, 50, 50, 48, 48, 48, 50, 50, 52, 52, 54, 54, 54, 52, 52, 54, 56, 56, 58, 58, 60, 62, 62, 60, 60, 62, 62, 60, 58, 58, 56, 56, 56, 56, 58, 58, 60, 62, 62, 60, 60, 62, 62, 60, 58, 58, 56, 56, 54, 52, 52, 54, 54, 54, 52, 52, 50, 50, 48, 48, 48, 50, 50, 48, 46, 46, 44, 44, 42, 40, 40, 42, 42, 40, 40, 42, 44, 44, 46, 46, 46, 44, 44, 46, 46, 46, 44, 44, 42, 42, 40, 40, 40, 42, 42, 40, 38, 36, 36, 38, 38, 38, 36, 36, 34, 34, 32, 32, 32, 34, 34, 32, 32, 32, 34, 34, 36, 38, 38, 36, 36, 38, 38, 36, 34, 34, 32, 32, 30, 28, 28, 30, 30, 30, 28, 28, 26, 26, 24, 24, 24, 26, 26, 24, 22, 22, 20, 20, 18, 16, 16, 18, 18, 16, 16, 18, 20, 20, 22, 22, 22, 22, 20, 20, 18, 16, 16, 18, 18, 16, 16, 18, 20, 20, 22, 22, 24, 26, 26, 24, 24, 24, 26, 26, 28, 28, 30, 30, 30, 28, 28, 30, 30, 30, 28, 28, 26, 24, 24, 26, 26, 24, 24, 26, 28, 28, 30, 30, 30, 28, 28, 30, 30, 30, 28, 28, 26, 26, 24, 24, 24, 26, 26, 24, 22, 20, 20, 22, 22, 22, 20, 20, 18, 18, 16, 16, 16, 18, 18, 16, 16, 16, 18, 18, 20, 22, 22, 20, 20, 22, 22, 20, 18, 18, 16, 16, 14, 14, 12, 12, 10,  8,  8, 10, 10,  8,  8, 10, 12, 12, 14, 14, 14, 12, 12, 14, 14, 14, 12, 12, 10, 10,  8,  8,  8, 10, 10,  8,  6,  4,  4,  6,  6,  6,  4,  4,  2,  2,  0,  0,  0,  2,  2,  0,  0,  0,  2,  2,  4,  6,  6,  4,  4,  6,  6,  4,  2,  2,  0,  0,  0,  2,  2,  0,  0,  0,  2,  2,  4,  4,  6,  6,  6,  4,  4,  6,  8,  8, 10, 10, 12, 14, 14, 12, 12, 14, 14, 12, 10, 10,  8,  8,  8,  8, 10, 10, 12, 14, 14, 12, 12, }// XCOOR
{0, 2, 2, 4, 6, 6, 4, 4, 6, 6, 4, 2, 2, 0, 0, 0, 2,  2,  0,  0,  0,  2,  2,  4,  4,  6,  6,  6,  4, 4, 6, 8, 10, 10,  8,  8,  8, 10, 10, 12, 12, 14, 14, 14, 12, 12, 14, 14, 14, 12, 12, 10, 8, 8, 10, 10, 8, 8, 10, 12, 12, 14, 14, 16, 18, 18, 16, 16, 16, 18, 18, 20, 20, 22, 22, 22, 20, 20, 22, 24, 24, 26, 26, 28, 30, 30, 28, 28, 30, 30, 28, 26, 26, 24, 24, 24, 24, 26, 26, 28, 30, 30, 28, 28, 30, 30, 28, 26, 26, 24, 24, 22, 20, 20, 22, 22, 22, 20, 20, 18, 18, 16, 16, 16, 18, 18, 16, 16, 18, 18, 16, 16, 16, 18, 18, 20, 20, 22, 22, 22, 20, 20, 22, 24, 24, 26, 26, 28, 30, 30, 28, 28, 30, 30, 28, 26, 26, 24, 24, 24, 24, 26, 26, 28, 30, 30, 28, 28, 30, 30, 28, 26, 26, 24, 24, 22, 20, 20, 22, 22, 22, 20, 20, 18, 18, 16, 16, 16, 18, 18, 16, 14, 14, 12, 12, 10,  8,  8, 10, 10,  8,  8, 10, 12, 12, 14, 14, 14, 12, 12, 14, 14, 14, 12, 12, 10, 10,  8,  8,  8, 10, 10,  8,  6,  4,  4,  6,  6,  6,  4,  4,  2,  2,  0,  0,  0,  2,  2,  0,  0,  0,  2,  2,  4,  6,  6,  4,  4,  6,  6,  4,  2,  2,  0,  0,  0,  2,  2,  0,  0,  0,  2,  2,  4,  4,  6,  6,  6,  4,  4,  6,  8,  8, 10, 10, 12, 14, 14, 12, 12, 14, 14, 12, 10, 10,  8,  8,  8,  8, 10, 10, 12, 14, 14, 12, 12, 14, 14, 12, 10, 10,  8,  8,  6,  4,  4,  6,  6,  6,  4,  4,  2,  2,  0,  0,  0,  2,  2,  0,  0,  0,  2,  2,  4,  6,  6,  4,  4,  6,  6,  4,  2,  2,  0,  0,  0,  2,  2,  0,  0,  0,  2,  2,  4,  4,  6,  6,  6,  4,  4,  6,  8, 10, 10,  8,  8,  8, 10, 10, 12, 12, 14, 14, 14, 12, 12, 14, 14, 14, 12, 12, 10,  8,  8, 10, 10,  8,  8, 10, 12, 12, 14, 14, 16, 16, 18, 18, 20, 22, 22, 20, 20, 22, 22, 20, 18, 18, 16, 16, 16, 18, 18, 16, 16, 16, 18, 18, 20, 20, 22, 22, 22, 20, 20, 22, 24, 26, 26, 24, 24, 24, 26, 26, 28, 28, 30, 30, 30, 28, 28, 30, 30, 30, 28, 28, 26, 24, 24, 26, 26, 24, 24, 26, 28, 28, 30, 30, 30, 28, 28, 30, 30, 30, 28, 28, 26, 26, 24, 24, 24, 26, 26, 24, 22, 22, 20, 20, 18, 16, 16, 18, 18, 16, 16, 18, 20, 20, 22, 22, 22, 22, 20, 20, 18, 16, 16, 18, 18, 16, 16, 18, 20, 20, 22, 22, 24, 26, 26, 24, 24, 24, 26, 26, 28, 28, 30, 30, 30, 28, 28, 30, 32, 34, 34, 32, 32, 32, 34, 34, 36, 36, 38, 38, 38, 36, 36, 38, 40, 40, 42, 42, 44, 46, 46, 44, 44, 46, 46, 44, 42, 42, 40, 40, 40, 40, 42, 42, 44, 46, 46, 44, 44, 46, 46, 44, 42, 42, 40, 40, 38, 36, 36, 38, 38, 38, 36, 36, 34, 34, 32, 32, 32, 34, 34, 32, 32, 32, 34, 34, 36, 38, 38, 36, 36, 38, 38, 36, 34, 34, 32, 32, 32, 34, 34, 32, 32, 32, 34, 34, 36, 36, 38, 38, 38, 36, 36, 38, 40, 42, 42, 40, 40, 40, 42, 42, 44, 44, 46, 46, 46, 44, 44, 46, 46, 46, 44, 44, 42, 40, 40, 42, 42, 40, 40, 42, 44, 44, 46, 46, 48, 48, 50, 50, 52, 54, 54, 52, 52, 54, 54, 52, 50, 50, 48, 48, 48, 50, 50, 48, 48, 48, 50, 50, 52, 52, 54, 54, 54, 52, 52, 54, 56, 58, 58, 56, 56, 56, 58, 58, 60, 60, 62, 62, 62, 60, 60, 62, 62, 62, 60, 60, 58, 56, 56, 58, 58, 56, 56, 58, 60, 60, 62, 62, 62, 60, 60, 62, 62, 62, 60, 60, 58, 58, 56, 56, 56, 58, 58, 56, 54, 54, 52, 52, 50, 48, 48, 50, 50, 48, 48, 50, 52, 52, 54, 54, 54, 54, 52, 52, 50, 48, 48, 50, 50, 48, 48, 50, 52, 52, 54, 54, 56, 58, 58, 56, 56, 56, 58, 58, 60, 60, 62, 62, 62, 60, 60, 62, 62, 62, 60, 60, 58, 56, 56, 58, 58, 56, 56, 58, 60, 60, 62, 62, 62, 60, 60, 62, 62, 62, 60, 60, 58, 58, 56, 56, 56, 58, 58, 56, 54, 52, 52, 54, 54, 54, 52, 52, 50, 50, 48, 48, 48, 50, 50, 48, 48, 48, 50, 50, 52, 54, 54, 52, 52, 54, 54, 52, 50, 50, 48, 48, 46, 44, 44, 46, 46, 46, 44, 44, 42, 42, 40, 40, 40, 42, 42, 40, 38, 38, 36, 36, 34, 32, 32, 34, 34, 32, 32, 34, 36, 36, 38, 38, 38, 38, 36, 36, 34, 32, 32, 34, 34, 32, 32, 34, 36, 36, 38, 38, 40, 42, 42, 40, 40, 40, 42, 42, 44, 44, 46, 46, 46, 44, 44, 46, 46, 44, 44, 46, 46, 46, 44, 44, 42, 42, 40, 40, 40, 42, 42, 40, 38, 38, 36, 36, 34, 32, 32, 34, 34, 32, 32, 34, 36, 36, 38, 38, 38, 38, 36, 36, 34, 32, 32, 34, 34, 32, 32, 34, 36, 36, 38, 38, 40, 42, 42, 40, 40, 40, 42, 42, 44, 44, 46, 46, 46, 44, 44, 46, 48, 48, 50, 50, 52, 54, 54, 52, 52, 54, 54, 52, 50, 50, 48, 48, 48, 50, 50, 48, 48, 48, 50, 50, 52, 52, 54, 54, 54, 52, 52, 54, 56, 58, 58, 56, 56, 56, 58, 58, 60, }// YCOOR

 ~ Iteration number:6 ~ Moving @2 per
{0, 2, 2, 4, 6, 6, 4, 4, 6, 6, 4, 2, 2, 0, 0, 0, 2,  2,  0,  0,  0,  2,  2,  4,  4,  6,  6,  6,  4, 4, 6, 8, 10, 10,  8,  8,  8, 10, 10, 12, 12, 14, 14, 14, 12, 12, 14, 14, 14, 12, 12, 10, 8, 8, 10, 10, 8, 8, 10, 12, 12, 14, 14, 16, 18, 18, 16, 16, 16, 18, 18, 20, 20, 22, 22, 22, 20, 20, 22, 24, 24, 26, 26, 28, 30, 30, 28, 28, 30, 30, 28, 26, 26, 24, 24, 24, 24, 26, 26, 28, 30, 30, 28, 28, 30, 30, 28, 26, 26, 24, 24, 22, 20, 20, 22, 22, 22, 20, 20, 18, 18, 16, 16, 16, 18, 18, 16, 16, 18, 18, 16, 16, 16, 18, 18, 20, 20, 22, 22, 22, 20, 20, 22, 24, 24, 26, 26, 28, 30, 30, 28, 28, 30, 30, 28, 26, 26, 24, 24, 24, 24, 26, 26, 28, 30, 30, 28, 28, 30, 30, 28, 26, 26, 24, 24, 22, 20, 20, 22, 22, 22, 20, 20, 18, 18, 16, 16, 16, 18, 18, 16, 14, 14, 12, 12, 10,  8,  8, 10, 10,  8,  8, 10, 12, 12, 14, 14, 14, 12, 12, 14, 14, 14, 12, 12, 10, 10,  8,  8,  8, 10, 10,  8,  6,  4,  4,  6,  6,  6,  4,  4,  2,  2,  0,  0,  0,  2,  2,  0,  0,  0,  2,  2,  4,  6,  6,  4,  4,  6,  6,  4,  2,  2,  0,  0,  0,  2,  2,  0,  0,  0,  2,  2,  4,  4,  6,  6,  6,  4,  4,  6,  8,  8, 10, 10, 12, 14, 14, 12, 12, 14, 14, 12, 10, 10,  8,  8,  8,  8, 10, 10, 12, 14, 14, 12, 12, 14, 14, 12, 10, 10,  8,  8,  6,  4,  4,  6,  6,  6,  4,  4,  2,  2,  0,  0,  0,  2,  2,  0,  0,  0,  2,  2,  4,  6,  6,  4,  4,  6,  6,  4,  2,  2,  0,  0,  0,  2,  2,  0,  0,  0,  2,  2,  4,  4,  6,  6,  6,  4,  4,  6,  8, 10, 10,  8,  8,  8, 10, 10, 12, 12, 14, 14, 14, 12, 12, 14, 14, 14, 12, 12, 10,  8,  8, 10, 10,  8,  8, 10, 12, 12, 14, 14, 16, 16, 18, 18, 20, 22, 22, 20, 20, 22, 22, 20, 18, 18, 16, 16, 16, 18, 18, 16, 16, 16, 18, 18, 20, 20, 22, 22, 22, 20, 20, 22, 24, 26, 26, 24, 24, 24, 26, 26, 28, 28, 30, 30, 30, 28, 28, 30, 30, 30, 28, 28, 26, 24, 24, 26, 26, 24, 24, 26, 28, 28, 30, 30, 30, 28, 28, 30, 30, 30, 28, 28, 26, 26, 24, 24, 24, 26, 26, 24, 22, 22, 20, 20, 18, 16, 16, 18, 18, 16, 16, 18, 20, 20, 22, 22, 22, 22, 20, 20, 18, 16, 16, 18, 18, 16, 16, 18, 20, 20, 22, 22, 24, 26, 26, 24, 24, 24, 26, 26, 28, 28, 30, 30, 30, 28, 28, 30, 32, 34, 34, 32, 32, 32, 34, 34, 36, 36, 38, 38, 38, 36, 36, 38, 40, 40, 42, 42, 44, 46, 46, 44, 44, 46, 46, 44, 42, 42, 40, 40, 40, 40, 42, 42, 44, 46, 46, 44, 44, 46, 46, 44, 42, 42, 40, 40, 38, 36, 36, 38, 38, 38, 36, 36, 34, 34, 32, 32, 32, 34, 34, 32, 32, 32, 34, 34, 36, 38, 38, 36, 36, 38, 38, 36, 34, 34, 32, 32, 32, 34, 34, 32, 32, 32, 34, 34, 36, 36, 38, 38, 38, 36, 36, 38, 40, 42, 42, 40, 40, 40, 42, 42, 44, 44, 46, 46, 46, 44, 44, 46, 46, 46, 44, 44, 42, 40, 40, 42, 42, 40, 40, 42, 44, 44, 46, 46, 48, 48, 50, 50, 52, 54, 54, 52, 52, 54, 54, 52, 50, 50, 48, 48, 48, 50, 50, 48, 48, 48, 50, 50, 52, 52, 54, 54, 54, 52, 52, 54, 56, 58, 58, 56, 56, 56, 58, 58, 60, 60, 62, 62, 62, 60, 60, 62, 62, 62, 60, 60, 58, 56, 56, 58, 58, 56, 56, 58, 60, 60, 62, 62, 62, 60, 60, 62, 62, 62, 60, 60, 58, 58, 56, 56, 56, 58, 58, 56, 54, 54, 52, 52, 50, 48, 48, 50, 50, 48, 48, 50, 52, 52, 54, 54, 54, 54, 52, 52, 50, 48, 48, 50, 50, 48, 48, 50, 52, 52, 54, 54, 56, 58, 58, 56, 56, 56, 58, 58, 60, 60, 62, 62, 62, 60, 60, 62, 62, 62, 60, 60, 58, 56, 56, 58, 58, 56, 56, 58, 60, 60, 62, 62, 62, 60, 60, 62, 62, 62, 60, 60, 58, 58, 56, 56, 56, 58, 58, 56, 54, 52, 52, 54, 54, 54, 52, 52, 50, 50, 48, 48, 48, 50, 50, 48, 48, 48, 50, 50, 52, 54, 54, 52, 52, 54, 54, 52, 50, 50, 48, 48, 46, 44, 44, 46, 46, 46, 44, 44, 42, 42, 40, 40, 40, 42, 42, 40, 38, 38, 36, 36, 34, 32, 32, 34, 34, 32, 32, 34, 36, 36, 38, 38, 38, 38, 36, 36, 34, 32, 32, 34, 34, 32, 32, 34, 36, 36, 38, 38, 40, 42, 42, 40, 40, 40, 42, 42, 44, 44, 46, 46, 46, 44, 44, 46, 46, 44, 44, 46, 46, 46, 44, 44, 42, 42, 40, 40, 40, 42, 42, 40, 38, 38, 36, 36, 34, 32, 32, 34, 34, 32, 32, 34, 36, 36, 38, 38, 38, 38, 36, 36, 34, 32, 32, 34, 34, 32, 32, 34, 36, 36, 38, 38, 40, 42, 42, 40, 40, 40, 42, 42, 44, 44, 46, 46, 46, 44, 44, 46, 48, 48, 50, 50, 52, 54, 54, 52, 52, 54, 54, 52, 50, 50, 48, 48, 48, 50, 50, 48, 48, 48, 50, 50, 52, 52, 54, 54, 54, 52, 52, 54, 56, 58, 58, 56, 56, 56, 58, 58, 60, }// XCOOR
{2, 2, 0, 0, 0, 2, 2, 4, 4, 6, 6, 6, 4, 4, 6, 8, 8, 10, 10, 12, 14, 14, 12, 12, 14, 14, 12, 10, 10, 8, 8, 8,  8, 10, 10, 12, 14, 14, 12, 12, 14, 14, 12, 10, 10,  8,  8,  6,  4,  4,  6,  6, 6, 4,  4,  2, 2, 0,  0,  0,  2,  2,  0,  0,  0,  2,  2,  4,  6,  6,  4,  4,  6,  6,  4,  2,  2,  0,  0,  0,  2,  2,  0,  0,  0,  2,  2,  4,  4,  6,  6,  6,  4,  4,  6,  8, 10, 10,  8,  8,  8, 10, 10, 12, 12, 14, 14, 14, 12, 12, 14, 14, 14, 12, 12, 10,  8,  8, 10, 10,  8,  8, 10, 12, 12, 14, 14, 16, 16, 18, 18, 20, 22, 22, 20, 20, 22, 22, 20, 18, 18, 16, 16, 16, 18, 18, 16, 16, 16, 18, 18, 20, 20, 22, 22, 22, 20, 20, 22, 24, 26, 26, 24, 24, 24, 26, 26, 28, 28, 30, 30, 30, 28, 28, 30, 30, 30, 28, 28, 26, 24, 24, 26, 26, 24, 24, 26, 28, 28, 30, 30, 30, 28, 28, 30, 30, 30, 28, 28, 26, 26, 24, 24, 24, 26, 26, 24, 22, 22, 20, 20, 18, 16, 16, 18, 18, 16, 16, 18, 20, 20, 22, 22, 22, 22, 20, 20, 18, 16, 16, 18, 18, 16, 16, 18, 20, 20, 22, 22, 24, 26, 26, 24, 24, 24, 26, 26, 28, 28, 30, 30, 30, 28, 28, 30, 32, 32, 34, 34, 36, 38, 38, 36, 36, 38, 38, 36, 34, 34, 32, 32, 32, 34, 34, 32, 32, 32, 34, 34, 36, 36, 38, 38, 38, 36, 36, 38, 40, 42, 42, 40, 40, 40, 42, 42, 44, 44, 46, 46, 46, 44, 44, 46, 46, 46, 44, 44, 42, 40, 40, 42, 42, 40, 40, 42, 44, 44, 46, 46, 48, 50, 50, 48, 48, 48, 50, 50, 52, 52, 54, 54, 54, 52, 52, 54, 56, 56, 58, 58, 60, 62, 62, 60, 60, 62, 62, 60, 58, 58, 56, 56, 56, 56, 58, 58, 60, 62, 62, 60, 60, 62, 62, 60, 58, 58, 56, 56, 54, 52, 52, 54, 54, 54, 52, 52, 50, 50, 48, 48, 48, 50, 50, 48, 48, 50, 50, 48, 48, 48, 50, 50, 52, 52, 54, 54, 54, 52, 52, 54, 56, 56, 58, 58, 60, 62, 62, 60, 60, 62, 62, 60, 58, 58, 56, 56, 56, 56, 58, 58, 60, 62, 62, 60, 60, 62, 62, 60, 58, 58, 56, 56, 54, 52, 52, 54, 54, 54, 52, 52, 50, 50, 48, 48, 48, 50, 50, 48, 46, 46, 44, 44, 42, 40, 40, 42, 42, 40, 40, 42, 44, 44, 46, 46, 46, 44, 44, 46, 46, 46, 44, 44, 42, 42, 40, 40, 40, 42, 42, 40, 38, 36, 36, 38, 38, 38, 36, 36, 34, 34, 32, 32, 32, 34, 34, 32, 32, 32, 34, 34, 36, 38, 38, 36, 36, 38, 38, 36, 34, 34, 32, 32, 32, 32, 34, 34, 36, 38, 38, 36, 36, 38, 38, 36, 34, 34, 32, 32, 32, 34, 34, 32, 32, 32, 34, 34, 36, 36, 38, 38, 38, 36, 36, 38, 40, 42, 42, 40, 40, 40, 42, 42, 44, 44, 46, 46, 46, 44, 44, 46, 46, 46, 44, 44, 42, 40, 40, 42, 42, 40, 40, 42, 44, 44, 46, 46, 48, 50, 50, 48, 48, 48, 50, 50, 52, 52, 54, 54, 54, 52, 52, 54, 56, 56, 58, 58, 60, 62, 62, 60, 60, 62, 62, 60, 58, 58, 56, 56, 56, 56, 58, 58, 60, 62, 62, 60, 60, 62, 62, 60, 58, 58, 56, 56, 54, 52, 52, 54, 54, 54, 52, 52, 50, 50, 48, 48, 48, 50, 50, 48, 48, 50, 50, 48, 48, 48, 50, 50, 52, 52, 54, 54, 54, 52, 52, 54, 56, 56, 58, 58, 60, 62, 62, 60, 60, 62, 62, 60, 58, 58, 56, 56, 56, 56, 58, 58, 60, 62, 62, 60, 60, 62, 62, 60, 58, 58, 56, 56, 54, 52, 52, 54, 54, 54, 52, 52, 50, 50, 48, 48, 48, 50, 50, 48, 46, 46, 44, 44, 42, 40, 40, 42, 42, 40, 40, 42, 44, 44, 46, 46, 46, 44, 44, 46, 46, 46, 44, 44, 42, 42, 40, 40, 40, 42, 42, 40, 38, 36, 36, 38, 38, 38, 36, 36, 34, 34, 32, 32, 32, 34, 34, 32, 32, 32, 34, 34, 36, 38, 38, 36, 36, 38, 38, 36, 34, 34, 32, 32, 30, 28, 28, 30, 30, 30, 28, 28, 26, 26, 24, 24, 24, 26, 26, 24, 22, 22, 20, 20, 18, 16, 16, 18, 18, 16, 16, 18, 20, 20, 22, 22, 22, 22, 20, 20, 18, 16, 16, 18, 18, 16, 16, 18, 20, 20, 22, 22, 24, 26, 26, 24, 24, 24, 26, 26, 28, 28, 30, 30, 30, 28, 28, 30, 30, 30, 28, 28, 26, 24, 24, 26, 26, 24, 24, 26, 28, 28, 30, 30, 30, 28, 28, 30, 30, 30, 28, 28, 26, 26, 24, 24, 24, 26, 26, 24, 22, 20, 20, 22, 22, 22, 20, 20, 18, 18, 16, 16, 16, 18, 18, 16, 16, 16, 18, 18, 20, 22, 22, 20, 20, 22, 22, 20, 18, 18, 16, 16, 14, 14, 12, 12, 10,  8,  8, 10, 10,  8,  8, 10, 12, 12, 14, 14, 14, 12, 12, 14, 14, 14, 12, 12, 10, 10,  8,  8,  8, 10, 10,  8,  6,  4,  4,  6,  6,  6,  4,  4,  2,  2,  0,  0,  0,  2,  2,  0,  0,  0,  2,  2,  4,  6,  6,  4,  4,  6,  6,  4,  2,  2,  0,  0,  0,  2,  2,  0,  0,  0,  2,  2,  4,  4,  6,  6,  6,  4,  4,  6,  8,  8, 10, 10, 12, 14, 14, 12, 12, 14, 14, 12, 10, 10,  8,  8,  8,  8, 10, 10, 12, 14, 14, 12, 12, }// YCOOR

 ~ Iteration number:5 ~ Moving @5 per
{5, 5, 0,  0,  0,  5,  5, 10, 10, 15, 15, 15, 10, 10, 15, 20, 20, 25, 25, 30, 35, 35, 30, 30, 35, 35, 30, 25, 25, 20, 20, 20, 20, 25, 25, 30, 35, 35, 30, 30, 35, 35, 30, 25, 25, 20, 20, 15, 10, 10, 15, 15, 15, 10, 10,  5,  5,  0,  0,  0,  5,  5,  0,  0,  0,  5,  5, 10, 15, 15, 10, 10, 15, 15, 10,  5,  5,  0,  0,  0,  5,  5,  0,  0,  0,  5,  5, 10, 10, 15, 15, 15, 10, 10, 15, 20, 25, 25, 20, 20, 20, 25, 25, 30, 30, 35, 35, 35, 30, 30, 35, 35, 35, 30, 30, 25, 20, 20, 25, 25, 20, 20, 25, 30, 30, 35, 35, 40, 40, 45, 45, 50, 55, 55, 50, 50, 55, 55, 50, 45, 45, 40, 40, 40, 45, 45, 40, 40, 40, 45, 45, 50, 50, 55, 55, 55, 50, 50, 55, 60, 65, 65, 60, 60, 60, 65, 65, 70, 70, 75, 75, 75, 70, 70, 75, 75, 75, 70, 70, 65, 60, 60, 65, 65, 60, 60, 65, 70, 70, 75, 75, 75, 70, 70, 75, 75, 75, 70, 70, 65, 65, 60, 60, 60, 65, 65, 60, 55, 55, 50, 50, 45, 40, 40, 45, 45, 40, 40, 45, 50, 50, 55, 55, 55, 55, 50, 50, 45, 40, 40, 45, 45, 40, 40, 45, 50, 50, 55, 55, 60, 65, 65, 60, 60, 60, 65, 65, 70, 70, 75, 75, 75, 70, 70, 75, 80, 80, 85, 85, 90, 95, 95, 90, 90, 95, 95, 90, 85, 85, 80, 80, 80, 85, 85, 80, 80, 80, 85, 85, 90, 90, 95, 95, 95, 90, 90, 95, 100, 105, 105, 100, 100, 100, 105, 105, 110, 110, 115, 115, 115, 110, 110, 115, 115, 115, 110, 110, 105, 100, 100, 105, 105, 100, 100, 105, 110, 110, 115, 115, 120, 125, 125, 120, 120, 120, 125, 125, 130, 130, 135, 135, 135, 130, 130, 135, 140, 140, 145, 145, 150, 155, 155, 150, 150, 155, 155, 150, 145, 145, 140, 140, 140, 140, 145, 145, 150, 155, 155, 150, 150, 155, 155, 150, 145, 145, 140, 140, 135, 130, 130, 135, 135, 135, 130, 130, 125, 125, 120, 120, 120, 125, 125, 120, 120, 125, 125, 120, 120, 120, 125, 125, 130, 130, 135, 135, 135, 130, 130, 135, 140, 140, 145, 145, 150, 155, 155, 150, 150, 155, 155, 150, 145, 145, 140, 140, 140, 140, 145, 145, 150, 155, 155, 150, 150, 155, 155, 150, 145, 145, 140, 140, 135, 130, 130, 135, 135, 135, 130, 130, 125, 125, 120, 120, 120, 125, 125, 120, 115, 115, 110, 110, 105, 100, 100, 105, 105, 100, 100, 105, 110, 110, 115, 115, 115, 110, 110, 115, 115, 115, 110, 110, 105, 105, 100, 100, 100, 105, 105, 100, 95, 90, 90, 95, 95, 95, 90, 90, 85, 85, 80, 80, 80, 85, 85, 80, 80, 80, 85, 85, 90, 95, 95, 90, 90, 95, 95, 90, 85, 85, 80, 80, 80, 80, 85, 85, 90, 95, 95, 90, 90, 95, 95, 90, 85, 85, 80, 80,  80,  85,  85,  80,  80,  80,  85,  85,  90,  90,  95,  95,  95,  90,  90,  95, 100, 105, 105, 100, 100, 100, 105, 105, 110, 110, 115, 115, 115, 110, 110, 115, 115, 115, 110, 110, 105, 100, 100, 105, 105, 100, 100, 105, 110, 110, 115, 115, 120, 125, 125, 120, 120, 120, 125, 125, 130, 130, 135, 135, 135, 130, 130, 135, 140, 140, 145, 145, 150, 155, 155, 150, 150, 155, 155, 150, 145, 145, 140, 140, 140, 140, 145, 145, 150, 155, 155, 150, 150, 155, 155, 150, 145, 145, 140, 140, 135, 130, 130, 135, 135, 135, 130, 130, 125, 125, 120, 120, 120, 125, 125, 120, 120, 125, 125, 120, 120, 120, 125, 125, 130, 130, 135, 135, 135, 130, 130, 135, 140, 140, 145, 145, 150, 155, 155, 150, 150, 155, 155, 150, 145, 145, 140, 140, 140, 140, 145, 145, 150, 155, 155, 150, 150, 155, 155, 150, 145, 145, 140, 140, 135, 130, 130, 135, 135, 135, 130, 130, 125, 125, 120, 120, 120, 125, 125, 120, 115, 115, 110, 110, 105, 100, 100, 105, 105, 100, 100, 105, 110, 110, 115, 115, 115, 110, 110, 115, 115, 115, 110, 110, 105, 105, 100, 100, 100, 105, 105, 100,  95,  90,  90,  95,  95,  95,  90,  90,  85,  85,  80,  80,  80,  85,  85,  80,  80,  80,  85,  85,  90,  95,  95,  90,  90,  95,  95,  90,  85,  85,  80,  80,  75,  70,  70,  75,  75,  75,  70,  70,  65,  65,  60,  60,  60,  65,  65,  60,  55,  55,  50,  50,  45,  40,  40,  45,  45,  40,  40,  45,  50,  50,  55,  55,  55,  55,  50,  50,  45,  40,  40,  45,  45,  40,  40,  45,  50,  50,  55,  55,  60,  65,  65,  60,  60,  60,  65,  65,  70,  70,  75,  75,  75,  70,  70,  75,  75,  75,  70,  70,  65,  60,  60,  65,  65,  60,  60,  65,  70,  70,  75,  75, 75, 70, 70, 75, 75, 75, 70, 70, 65, 65, 60, 60, 60, 65, 65, 60, 55, 50, 50, 55, 55, 55, 50, 50, 45, 45, 40, 40, 40, 45, 45, 40,  40,  40,  45,  45,  50,  55,  55,  50,  50,  55,  55,  50,  45,  45,  40,  40,  35,  35,  30,  30,  25,  20,  20,  25,  25,  20,  20,  25,  30,  30,  35,  35, 35, 30, 30, 35, 35, 35, 30, 30, 25, 25, 20, 20, 20, 25, 25, 20, 15, 10, 10, 15, 15, 15, 10, 10,  5,  5,  0,  0,  0,  5,  5,  0,   0,   0,   5,   5,  10,  15,  15,  10,  10,  15,  15,  10,   5,   5,   0,   0,   0,   5,   5,   0,   0,   0,   5,   5,  10,  10,  15,  15,  15,  10,  10,  15,  20,  20,  25,  25,  30,  35,  35,  30,  30,  35,  35,  30,  25,  25,  20,  20,  20,  20,  25,  25,  30,  35,  35,  30,  30, }// XCOOR
{0, 5, 5, 10, 15, 15, 10, 10, 15, 15, 10,  5,  5,  0,  0,  0,  5,  5,  0,  0,  0,  5,  5, 10, 10, 15, 15, 15, 10, 10, 15, 20, 25, 25, 20, 20, 20, 25, 25, 30, 30, 35, 35, 35, 30, 30, 35, 35, 35, 30, 30, 25, 20, 20, 25, 25, 20, 20, 25, 30, 30, 35, 35, 40, 45, 45, 40, 40, 40, 45, 45, 50, 50, 55, 55, 55, 50, 50, 55, 60, 60, 65, 65, 70, 75, 75, 70, 70, 75, 75, 70, 65, 65, 60, 60, 60, 60, 65, 65, 70, 75, 75, 70, 70, 75, 75, 70, 65, 65, 60, 60, 55, 50, 50, 55, 55, 55, 50, 50, 45, 45, 40, 40, 40, 45, 45, 40, 40, 45, 45, 40, 40, 40, 45, 45, 50, 50, 55, 55, 55, 50, 50, 55, 60, 60, 65, 65, 70, 75, 75, 70, 70, 75, 75, 70, 65, 65, 60, 60, 60, 60, 65, 65, 70, 75, 75, 70, 70, 75, 75, 70, 65, 65, 60, 60, 55, 50, 50, 55, 55, 55, 50, 50, 45, 45, 40, 40, 40, 45, 45, 40, 35, 35, 30, 30, 25, 20, 20, 25, 25, 20, 20, 25, 30, 30, 35, 35, 35, 30, 30, 35, 35, 35, 30, 30, 25, 25, 20, 20, 20, 25, 25, 20, 15, 10, 10, 15, 15, 15, 10, 10,  5,  5,  0,  0,  0,  5,  5,  0,  0,  0,  5,  5, 10, 15, 15, 10, 10, 15, 15, 10,  5,  5,  0,  0,  0,  5,  5,  0,  0,  0,  5,  5, 10, 10, 15, 15, 15, 10, 10, 15, 20, 20, 25, 25, 30, 35, 35, 30, 30, 35, 35, 30, 25, 25, 20, 20,  20,  20,  25,  25,  30,  35,  35,  30,  30,  35,  35,  30,  25,  25,  20,  20,  15,  10,  10,  15,  15,  15,  10,  10,   5,   5,   0,   0,   0,   5,   5,   0,   0,   0,   5,   5,  10,  15,  15,  10,  10,  15,  15,  10,   5,   5,   0,   0,   0,   5,   5,   0,   0,   0,   5,   5,  10,  10,  15,  15,  15,  10,  10,  15,  20,  25,  25,  20,  20,  20,  25,  25,  30,  30,  35,  35,  35,  30,  30,  35,  35,  35,  30,  30,  25,  20,  20,  25,  25,  20,  20,  25,  30,  30,  35,  35,  40,  40,  45,  45,  50,  55,  55,  50,  50,  55,  55,  50,  45,  45,  40,  40,  40,  45,  45,  40,  40,  40,  45,  45,  50,  50,  55,  55,  55,  50,  50,  55,  60,  65,  65,  60,  60,  60,  65,  65,  70,  70,  75,  75,  75,  70,  70,  75,  75,  75,  70,  70,  65,  60,  60,  65,  65,  60,  60,  65,  70,  70,  75,  75,  75,  70,  70,  75,  75,  75,  70,  70,  65,  65,  60,  60,  60,  65,  65,  60,  55,  55,  50,  50,  45,  40,  40,  45,  45,  40,  40,  45,  50,  50,  55,  55, 55, 55, 50, 50, 45, 40, 40, 45, 45, 40, 40, 45, 50, 50, 55, 55, 60, 65, 65, 60, 60, 60, 65, 65, 70, 70, 75, 75, 75, 70, 70, 75, 80, 85, 85, 80, 80, 80, 85, 85, 90, 90, 95, 95, 95, 90, 90, 95, 100, 100, 105, 105, 110, 115, 115, 110, 110, 115, 115, 110, 105, 105, 100, 100, 100, 100, 105, 105, 110, 115, 115, 110, 110, 115, 115, 110, 105, 105, 100, 100,  95,  90,  90,  95,  95,  95,  90,  90,  85,  85,  80,  80,  80,  85,  85,  80,  80,  80,  85,  85,  90,  95,  95,  90,  90,  95,  95,  90,  85,  85,  80,  80,  80,  85,  85,  80,  80,  80,  85,  85,  90,  90,  95,  95,  95,  90,  90,  95, 100, 105, 105, 100, 100, 100, 105, 105, 110, 110, 115, 115, 115, 110, 110, 115, 115, 115, 110, 110, 105, 100, 100, 105, 105, 100, 100, 105, 110, 110, 115, 115, 120, 120, 125, 125, 130, 135, 135, 130, 130, 135, 135, 130, 125, 125, 120, 120, 120, 125, 125, 120, 120, 120, 125, 125, 130, 130, 135, 135, 135, 130, 130, 135, 140, 145, 145, 140, 140, 140, 145, 145, 150, 150, 155, 155, 155, 150, 150, 155, 155, 155, 150, 150, 145, 140, 140, 145, 145, 140, 140, 145, 150, 150, 155, 155, 155, 150, 150, 155, 155, 155, 150, 150, 145, 145, 140, 140, 140, 145, 145, 140, 135, 135, 130, 130, 125, 120, 120, 125, 125, 120, 120, 125, 130, 130, 135, 135, 135, 135, 130, 130, 125, 120, 120, 125, 125, 120, 120, 125, 130, 130, 135, 135, 140, 145, 145, 140, 140, 140, 145, 145, 150, 150, 155, 155, 155, 150, 150, 155, 155, 155, 150, 150, 145, 140, 140, 145, 145, 140, 140, 145, 150, 150, 155, 155, 155, 150, 150, 155, 155, 155, 150, 150, 145, 145, 140, 140, 140, 145, 145, 140, 135, 130, 130, 135, 135, 135, 130, 130, 125, 125, 120, 120, 120, 125, 125, 120, 120, 120, 125, 125, 130, 135, 135, 130, 130, 135, 135, 130, 125, 125, 120, 120, 115, 110, 110, 115, 115, 115, 110, 110, 105, 105, 100, 100, 100, 105, 105, 100, 95, 95, 90, 90, 85, 80, 80, 85, 85, 80, 80, 85, 90, 90, 95, 95, 95, 95, 90, 90, 85, 80, 80, 85, 85, 80, 80, 85, 90, 90, 95, 95, 100, 105, 105, 100, 100, 100, 105, 105, 110, 110, 115, 115, 115, 110, 110, 115, 115, 110, 110, 115, 115, 115, 110, 110, 105, 105, 100, 100, 100, 105, 105, 100, 95, 95, 90, 90, 85, 80, 80, 85, 85, 80, 80, 85, 90, 90, 95, 95, 95, 95, 90, 90, 85, 80, 80, 85, 85, 80, 80, 85, 90, 90, 95, 95, 100, 105, 105, 100, 100, 100, 105, 105, 110, 110, 115, 115, 115, 110, 110, 115, 120, 120, 125, 125, 130, 135, 135, 130, 130, 135, 135, 130, 125, 125, 120, 120, 120, 125, 125, 120, 120, 120, 125, 125, 130, 130, 135, 135, 135, 130, 130, 135, 140, 145, 145, 140, 140, 140, 145, 145, 150, }// YCOOR

 ~ Iteration number:3 ~ Moving @2 per
{2, 2, 0, 0, 0, 2, 2, 4, 4, 6, 6, 6, 4, 4, 6, 8, 8, 10, 10, 12, 14, 14, 12, 12, 14, 14, 12, 10, 10, 8, 8, 8,  8, 10, 10, 12, 14, 14, 12, 12, 14, 14, 12, 10, 10,  8,  8,  6,  4,  4,  6,  6, 6, 4,  4,  2, 2, 0,  0,  0,  2,  2,  0, 0, }// XCOOR
{0, 2, 2, 4, 6, 6, 4, 4, 6, 6, 4, 2, 2, 0, 0, 0, 2,  2,  0,  0,  0,  2,  2,  4,  4,  6,  6,  6,  4, 4, 6, 8, 10, 10,  8,  8,  8, 10, 10, 12, 12, 14, 14, 14, 12, 12, 14, 14, 14, 12, 12, 10, 8, 8, 10, 10, 8, 8, 10, 12, 12, 14, 14, 0, }// YCOOR

 ~ Iteration number:3 ~ Moving @2 per
{2, 2, 0, 0, 0, 2, 2, 4, 4, 6, 6, 6, 4, 4, 6, 8, 8, 10, 10, 12, 14, 14, 12, 12, 14, 14, 12, 10, 10, 8, 8, 8,  8, 10, 10, 12, 14, 14, 12, 12, 14, 14, 12, 10, 10,  8,  8,  6,  4,  4,  6,  6, 6, 4,  4,  2, 2, 0,  0,  0,  2,  2,  0, 0, }// XCOOR
{0, 2, 2, 4, 6, 6, 4, 4, 6, 6, 4, 2, 2, 0, 0, 0, 2,  2,  0,  0,  0,  2,  2,  4,  4,  6,  6,  6,  4, 4, 6, 8, 10, 10,  8,  8,  8, 10, 10, 12, 12, 14, 14, 14, 12, 12, 14, 14, 14, 12, 12, 10, 8, 8, 10, 10, 8, 8, 10, 12, 12, 14, 14, 0, }// YCOOR


 ~ Iteration number:4 ~ Moving @5 per
{0, 5, 5, 10, 15, 15, 10, 10, 15, 15, 10,  5,  5,  0,  0,  0,  5,  5,  0,  0,  0,  5,  5, 10, 10, 15, 15, 15, 10, 10, 15, 20, 25, 25, 20, 20, 20, 25, 25, 30, 30, 35, 35, 35, 30, 30, 35, 35, 35, 30, 30, 25, 20, 20, 25, 25, 20, 20, 25, 30, 30, 35, 35, 40, 45, 45, 40, 40, 40, 45, 45, 50, 50, 55, 55, 55, 50, 50, 55, 60, 60, 65, 65, 70, 75, 75, 70, 70, 75, 75, 70, 65, 65, 60, 60, 60, 60, 65, 65, 70, 75, 75, 70, 70, 75, 75, 70, 65, 65, 60, 60, 55, 50, 50, 55, 55, 55, 50, 50, 45, 45, 40, 40, 40, 45, 45, 40, 40, 45, 45, 40, 40, 40, 45, 45, 50, 50, 55, 55, 55, 50, 50, 55, 60, 60, 65, 65, 70, 75, 75, 70, 70, 75, 75, 70, 65, 65, 60, 60, 60, 60, 65, 65, 70, 75, 75, 70, 70, 75, 75, 70, 65, 65, 60, 60, 55, 50, 50, 55, 55, 55, 50, 50, 45, 45, 40, 40, 40, 45, 45, 40, 35, 35, 30, 30, 25, 20, 20, 25, 25, 20, 20, 25, 30, 30, 35, 35, 35, 30, 30, 35, 35, 35, 30, 30, 25, 25, 20, 20, 20, 25, 25, 20, 15, 10, 10, 15, 15, 15, 10, 10,  5,  5,  0,  0,  0,  5,  5,  0,  0,  0,  5,  5, 10, 15, 15, 10, 10, 15, 15, 10,  5,  5,  0,  0, 0, }// XCOOR
{5, 5, 0,  0,  0,  5,  5, 10, 10, 15, 15, 15, 10, 10, 15, 20, 20, 25, 25, 30, 35, 35, 30, 30, 35, 35, 30, 25, 25, 20, 20, 20, 20, 25, 25, 30, 35, 35, 30, 30, 35, 35, 30, 25, 25, 20, 20, 15, 10, 10, 15, 15, 15, 10, 10,  5,  5,  0,  0,  0,  5,  5,  0,  0,  0,  5,  5, 10, 15, 15, 10, 10, 15, 15, 10,  5,  5,  0,  0,  0,  5,  5,  0,  0,  0,  5,  5, 10, 10, 15, 15, 15, 10, 10, 15, 20, 25, 25, 20, 20, 20, 25, 25, 30, 30, 35, 35, 35, 30, 30, 35, 35, 35, 30, 30, 25, 20, 20, 25, 25, 20, 20, 25, 30, 30, 35, 35, 40, 40, 45, 45, 50, 55, 55, 50, 50, 55, 55, 50, 45, 45, 40, 40, 40, 45, 45, 40, 40, 40, 45, 45, 50, 50, 55, 55, 55, 50, 50, 55, 60, 65, 65, 60, 60, 60, 65, 65, 70, 70, 75, 75, 75, 70, 70, 75, 75, 75, 70, 70, 65, 60, 60, 65, 65, 60, 60, 65, 70, 70, 75, 75, 75, 70, 70, 75, 75, 75, 70, 70, 65, 65, 60, 60, 60, 65, 65, 60, 55, 55, 50, 50, 45, 40, 40, 45, 45, 40, 40, 45, 50, 50, 55, 55, 55, 55, 50, 50, 45, 40, 40, 45, 45, 40, 40, 45, 50, 50, 55, 55, 60, 65, 65, 60, 60, 60, 65, 65, 70, 70, 75, 75, 75, 70, 70, 75, 0, }// YCOOR

 ~ Iteration number:6 ~ Moving @10 per
{ 0, 10, 10, 20, 30, 30, 20, 20, 30, 30, 20, 10, 10,  0,  0,  0, 10, 10,  0,  0,  0, 10, 10, 20, 20, 30, 30, 30, 20, 20, 30, 40, 50, 50, 40, 40, 40, 50, 50, 60, 60, 70, 70, 70, 60, 60, 70, 70, 70, 60, 60, 50, 40, 40, 50, 50, 40, 40, 50, 60, 60, 70, 70, 80, 90, 90, 80, 80, 80, 90, 90, 100, 100, 110, 110, 110, 100, 100, 110, 120, 120, 130, 130, 140, 150, 150, 140, 140, 150, 150, 140, 130, 130, 120, 120, 120, 120, 130, 130, 140, 150, 150, 140, 140, 150, 150, 140, 130, 130, 120, 120, 110, 100, 100, 110, 110, 110, 100, 100, 90, 90, 80, 80, 80, 90, 90, 80, 80, 90, 90, 80,  80,  80,  90,  90, 100, 100, 110, 110, 110, 100, 100, 110, 120, 120, 130, 130, 140, 150, 150, 140, 140, 150, 150, 140, 130, 130, 120, 120, 120, 120, 130, 130, 140, 150, 150, 140, 140, 150, 150, 140, 130, 130, 120, 120, 110, 100, 100, 110, 110, 110, 100, 100,  90,  90,  80,  80,  80,  90,  90,  80,  70,  70,  60,  60,  50,  40,  40,  50,  50,  40,  40,  50,  60,  60,  70,  70,  70,  60,  60,  70, 70, 70, 60, 60, 50, 50, 40, 40,  40,  50,  50,  40,  30,  20,  20,  30, 30, 30, 20, 20, 10, 10,  0,  0,   0,  10,  10,   0,   0,   0,  10,  10,  20,  30,  30,  20,  20,  30,  30,  20,  10,  10,   0,   0,   0,  10,  10,   0,   0,   0,  10,  10,  20,  20,  30,  30,  30,  20,  20,  30,  40,  40,  50,  50,  60,  70,  70,  60,  60,  70,  70,  60,  50,  50,  40,  40,  40,  40,  50,  50,  60,  70,  70,  60,  60,  70,  70,  60,  50,  50,  40,  40,  30,  20,  20,  30,  30,  30,  20,  20,  10,  10,   0,   0,   0,  10,  10,   0,   0,   0,  10,  10,  20,  30,  30,  20,  20,  30,  30,  20,  10,  10,   0,   0,   0,  10,  10,   0,   0,   0,  10,  10,  20,  20,  30,  30,  30,  20,  20,  30,  40,  50,  50,  40,  40,  40,  50,  50,  60,  60,  70,  70,  70,  60,  60,  70,  70,  70,  60,  60,  50,  40,  40,  50,  50,  40,  40,  50,  60,  60,  70,  70,  80,  80,  90,  90, 100, 110, 110, 100, 100, 110, 110, 100,  90,  90,  80,  80,  80,  90,  90,  80,  80,  80,  90,  90, 100, 100, 110, 110, 110, 100, 100, 110, 120, 130, 130, 120, 120, 120, 130, 130, 140, 140, 150, 150, 150, 140, 140, 150, 150, 150, 140, 140, 130, 120, 120, 130, 130, 120, 120, 130, 140, 140, 150, 150, 150, 140, 140, 150, 150, 150, 140, 140, 130, 130, 120, 120, 120, 130, 130, 120, 110, 110, 100, 100,  90,  80,  80,  90,  90,  80,  80,  90, 100, 100, 110, 110, 110, 110, 100, 100,  90,  80,  80,  90,  90,  80,  80,  90, 100, 100, 110, 110, 120, 130, 130, 120, 120, 120, 130, 130, 140, 140, 150, 150, 150, 140, 140, 150, 160, 170, 170, 160, 160, 160, 170, 170, 180, 180, 190, 190, 190, 180, 180, 190, 200, 200, 210, 210, 220, 230, 230, 220, 220, 230, 230, 220, 210, 210, 200, 200, 200, 200, 210, 210, 220, 230, 230, 220, 220, 230, 230, 220, 210, 210, 200, 200, 190, 180, 180, 190, 190, 190, 180, 180, 170, 170, 160, 160, 160, 170, 170, 160, 160, 160, 170, 170, 180, 190, 190, 180, 180, 190, 190, 180, 170, 170, 160, 160, 160, 170, 170, 160, 160, 160, 170, 170, 180, 180, 190, 190, 190, 180, 180, 190, 200, 210, 210, 200, 200, 200, 210, 210, 220, 220, 230, 230, 230, 220, 220, 230, 230, 230, 220, 220, 210, 200, 200, 210, 210, 200, 200, 210, 220, 220, 230, 230, 240, 240, 250, 250, 260, 270, 270, 260, 260, 270, 270, 260, 250, 250, 240, 240, 240, 250, 250, 240, 240, 240, 250, 250, 260, 260, 270, 270, 270, 260, 260, 270, 280, 290, 290, 280, 280, 280, 290, 290, 300, 300, 310, 310, 310, 300, 300, 310, 310, 310, 300, 300, 290, 280, 280, 290, 290, 280, 280, 290, 300, 300, 310, 310, 310, 300, 300, 310, 310, 310, 300, 300, 290, 290, 280, 280, 280, 290, 290, 280, 270, 270, 260, 260, 250, 240, 240, 250, 250, 240, 240, 250, 260, 260, 270, 270, 270, 270, 260, 260, 250, 240, 240, 250, 250, 240, 240, 250, 260, 260, 270, 270, 280, 290, 290, 280, 280, 280, 290, 290, 300, 300, 310, 310, 310, 300, 300, 310, 310, 310, 300, 300, 290, 280, 280, 290, 290, 280, 280, 290, 300, 300, 310, 310, 310, 300, 300, 310, 310, 310, 300, 300, 290, 290, 280, 280, 280, 290, 290, 280, 270, 260, 260, 270, 270, 270, 260, 260, 250, 250, 240, 240, 240, 250, 250, 240, 240, 240, 250, 250, 260, 270, 270, 260, 260, 270, 270, 260, 250, 250, 240, 240, 230, 220, 220, 230, 230, 230, 220, 220, 210, 210, 200, 200, 200, 210, 210, 200, 190, 190, 180, 180, 170, 160, 160, 170, 170, 160, 160, 170, 180, 180, 190, 190, 190, 190, 180, 180, 170, 160, 160, 170, 170, 160, 160, 170, 180, 180, 190, 190, 200, 210, 210, 200, 200, 200, 210, 210, 220, 220, 230, 230, 230, 220, 220, 230, 230, 220, 220, 230, 230, 230, 220, 220, 210, 210, 200, 200, 200, 210, 210, 200, 190, 190, 180, 180, 170, 160, 160, 170, 170, 160, 160, 170, 180, 180, 190, 190, 190, 190, 180, 180, 170, 160, 160, 170, 170, 160, 160, 170, 180, 180, 190, 190, 200, 210, 210, 200, 200, 200, 210, 210, 220, 220, 230, 230, 230, 220, 220, 230, 240, 240, 250, 250, 260, 270, 270, 260, 260, 270, 270, 260, 250, 250, 240, 240, 240, 250, 250, 240, 240, 240, 250, 250, 260, 260, 270, 270, 270, 260, 260, 270, 280, 290, 290, 280, 280, 280, 290, 290, 300, }// XCOOR
{10, 10,  0,  0,  0, 10, 10, 20, 20, 30, 30, 30, 20, 20, 30, 40, 40, 50, 50, 60, 70, 70, 60, 60, 70, 70, 60, 50, 50, 40, 40, 40, 40, 50, 50, 60, 70, 70, 60, 60, 70, 70, 60, 50, 50, 40, 40, 30, 20, 20, 30, 30, 30, 20, 20, 10, 10,  0,  0,  0, 10, 10,  0,  0,  0, 10, 10, 20, 30, 30, 20,  20,  30,  30,  20,  10,  10,   0,   0,   0,  10,  10,   0,   0,   0,  10,  10,  20,  20,  30,  30,  30,  20,  20,  30,  40,  50,  50,  40,  40,  40,  50,  50,  60,  60,  70,  70,  70,  60,  60,  70,  70,  70,  60,  60,  50,  40,  40,  50, 50, 40, 40, 50, 60, 60, 70, 70, 80, 80, 90, 90, 100, 110, 110, 100, 100, 110, 110, 100,  90,  90,  80,  80,  80,  90,  90,  80,  80,  80,  90,  90, 100, 100, 110, 110, 110, 100, 100, 110, 120, 130, 130, 120, 120, 120, 130, 130, 140, 140, 150, 150, 150, 140, 140, 150, 150, 150, 140, 140, 130, 120, 120, 130, 130, 120, 120, 130, 140, 140, 150, 150, 150, 140, 140, 150, 150, 150, 140, 140, 130, 130, 120, 120, 120, 130, 130, 120, 110, 110, 100, 100, 90, 80, 80, 90, 90, 80, 80, 90, 100, 100, 110, 110, 110, 110, 100, 100, 90, 80, 80, 90, 90, 80, 80, 90, 100, 100, 110, 110, 120, 130, 130, 120, 120, 120, 130, 130, 140, 140, 150, 150, 150, 140, 140, 150, 160, 160, 170, 170, 180, 190, 190, 180, 180, 190, 190, 180, 170, 170, 160, 160, 160, 170, 170, 160, 160, 160, 170, 170, 180, 180, 190, 190, 190, 180, 180, 190, 200, 210, 210, 200, 200, 200, 210, 210, 220, 220, 230, 230, 230, 220, 220, 230, 230, 230, 220, 220, 210, 200, 200, 210, 210, 200, 200, 210, 220, 220, 230, 230, 240, 250, 250, 240, 240, 240, 250, 250, 260, 260, 270, 270, 270, 260, 260, 270, 280, 280, 290, 290, 300, 310, 310, 300, 300, 310, 310, 300, 290, 290, 280, 280, 280, 280, 290, 290, 300, 310, 310, 300, 300, 310, 310, 300, 290, 290, 280, 280, 270, 260, 260, 270, 270, 270, 260, 260, 250, 250, 240, 240, 240, 250, 250, 240, 240, 250, 250, 240, 240, 240, 250, 250, 260, 260, 270, 270, 270, 260, 260, 270, 280, 280, 290, 290, 300, 310, 310, 300, 300, 310, 310, 300, 290, 290, 280, 280, 280, 280, 290, 290, 300, 310, 310, 300, 300, 310, 310, 300, 290, 290, 280, 280, 270, 260, 260, 270, 270, 270, 260, 260, 250, 250, 240, 240, 240, 250, 250, 240, 230, 230, 220, 220, 210, 200, 200, 210, 210, 200, 200, 210, 220, 220, 230, 230, 230, 220, 220, 230, 230, 230, 220, 220, 210, 210, 200, 200, 200, 210, 210, 200, 190, 180, 180, 190, 190, 190, 180, 180, 170, 170, 160, 160, 160, 170, 170, 160, 160, 160, 170, 170, 180, 190, 190, 180, 180, 190, 190, 180, 170, 170, 160, 160, 160, 160, 170, 170, 180, 190, 190, 180, 180, 190, 190, 180, 170, 170, 160, 160, 160, 170, 170, 160, 160, 160, 170, 170, 180, 180, 190, 190, 190, 180, 180, 190, 200, 210, 210, 200, 200, 200, 210, 210, 220, 220, 230, 230, 230, 220, 220, 230, 230, 230, 220, 220, 210, 200, 200, 210, 210, 200, 200, 210, 220, 220, 230, 230, 240, 250, 250, 240, 240, 240, 250, 250, 260, 260, 270, 270, 270, 260, 260, 270, 280, 280, 290, 290, 300, 310, 310, 300, 300, 310, 310, 300, 290, 290, 280, 280, 280, 280, 290, 290, 300, 310, 310, 300, 300, 310, 310, 300, 290, 290, 280, 280, 270, 260, 260, 270, 270, 270, 260, 260, 250, 250, 240, 240, 240, 250, 250, 240, 240, 250, 250, 240, 240, 240, 250, 250, 260, 260, 270, 270, 270, 260, 260, 270, 280, 280, 290, 290, 300, 310, 310, 300, 300, 310, 310, 300, 290, 290, 280, 280, 280, 280, 290, 290, 300, 310, 310, 300, 300, 310, 310, 300, 290, 290, 280, 280, 270, 260, 260, 270, 270, 270, 260, 260, 250, 250, 240, 240, 240, 250, 250, 240, 230, 230, 220, 220, 210, 200, 200, 210, 210, 200, 200, 210, 220, 220, 230, 230, 230, 220, 220, 230, 230, 230, 220, 220, 210, 210, 200, 200, 200, 210, 210, 200, 190, 180, 180, 190, 190, 190, 180, 180, 170, 170, 160, 160, 160, 170, 170, 160, 160, 160, 170, 170, 180, 190, 190, 180, 180, 190, 190, 180, 170, 170, 160, 160, 150, 140, 140, 150, 150, 150, 140, 140, 130, 130, 120, 120, 120, 130, 130, 120, 110, 110, 100, 100,  90,  80,  80,  90,  90,  80,  80,  90, 100, 100, 110, 110, 110, 110, 100, 100,  90,  80,  80,  90,  90,  80,  80,  90, 100, 100, 110, 110, 120, 130, 130, 120, 120, 120, 130, 130, 140, 140, 150, 150, 150, 140, 140, 150, 150, 150, 140, 140, 130, 120, 120, 130, 130, 120, 120, 130, 140, 140, 150, 150, 150, 140, 140, 150, 150, 150, 140, 140, 130, 130, 120, 120, 120, 130, 130, 120, 110, 100, 100, 110, 110, 110, 100, 100,  90,  90,  80,  80,  80,  90,  90,  80,  80,  80,  90,  90, 100, 110, 110, 100, 100, 110, 110, 100,  90,  90,  80,  80,  70,  70,  60,  60,  50,  40,  40,  50,  50,  40,  40,  50,  60,  60,  70,  70,  70,  60,  60,  70,  70,  70,  60,  60,  50,  50,  40,  40,  40,  50,  50,  40,  30,  20,  20,  30,  30,  30,  20,  20,  10,  10,   0,   0,   0,  10,  10,   0,   0,   0,  10,  10,  20,  30,  30,  20,  20,  30,  30,  20,  10,  10,   0,   0,   0,  10,  10,   0,   0,   0,  10,  10,  20,  20,  30,  30,  30,  20,  20,  30,  40,  40,  50,  50,  60,  70,  70,  60,  60,  70,  70,  60,  50,  50,  40,  40,  40,  40,  50,  50,  60,  70,  70,  60,  60, }// YCOOR

 ~ Iteration number:5 ~ Moving @5 per
{5, 5, 0,  0,  0,  5,  5, 10, 10, 15, 15, 15, 10, 10, 15, 20, 20, 25, 25, 30, 35, 35, 30, 30, 35, 35, 30, 25, 25, 20, 20, 20, 20, 25, 25, 30, 35, 35, 30, 30, 35, 35, 30, 25, 25, 20, 20, 15, 10, 10, 15, 15, 15, 10, 10,  5,  5,  0,  0,  0,  5,  5,  0,  0,  0,  5,  5, 10, 15, 15, 10, 10, 15, 15, 10,  5,  5,  0,  0,  0,  5,  5,  0,  0,  0,  5,  5, 10, 10, 15, 15, 15, 10, 10, 15, 20, 25, 25, 20, 20, 20, 25, 25, 30, 30, 35, 35, 35, 30, 30, 35, 35, 35, 30, 30, 25, 20, 20, 25, 25, 20, 20, 25, 30, 30, 35, 35, 40, 40, 45, 45, 50, 55, 55, 50, 50, 55, 55, 50, 45, 45, 40, 40, 40, 45, 45, 40, 40, 40, 45, 45, 50, 50, 55, 55, 55, 50, 50, 55, 60, 65, 65, 60, 60, 60, 65, 65, 70, 70, 75, 75, 75, 70, 70, 75, 75, 75, 70, 70, 65, 60, 60, 65, 65, 60, 60, 65, 70, 70, 75, 75, 75, 70, 70, 75, 75, 75, 70, 70, 65, 65, 60, 60, 60, 65, 65, 60, 55, 55, 50, 50, 45, 40, 40, 45, 45, 40, 40, 45, 50, 50, 55, 55, 55, 55, 50, 50, 45, 40, 40, 45, 45, 40, 40, 45, 50, 50, 55, 55, 60, 65, 65, 60, 60, 60, 65, 65, 70, 70, 75, 75, 75, 70, 70, 75, 80, 80, 85, 85, 90, 95, 95, 90, 90, 95, 95, 90, 85, 85, 80, 80, 80, 85, 85, 80, 80, 80, 85, 85, 90, 90, 95, 95, 95, 90, 90, 95, 100, 105, 105, 100, 100, 100, 105, 105, 110, 110, 115, 115, 115, 110, 110, 115, 115, 115, 110, 110, 105, 100, 100, 105, 105, 100, 100, 105, 110, 110, 115, 115, 120, 125, 125, 120, 120, 120, 125, 125, 130, 130, 135, 135, 135, 130, 130, 135, 140, 140, 145, 145, 150, 155, 155, 150, 150, 155, 155, 150, 145, 145, 140, 140, 140, 140, 145, 145, 150, 155, 155, 150, 150, 155, 155, 150, 145, 145, 140, 140, 135, 130, 130, 135, 135, 135, 130, 130, 125, 125, 120, 120, 120, 125, 125, 120, 120, 125, 125, 120, 120, 120, 125, 125, 130, 130, 135, 135, 135, 130, 130, 135, 140, 140, 145, 145, 150, 155, 155, 150, 150, 155, 155, 150, 145, 145, 140, 140, 140, 140, 145, 145, 150, 155, 155, 150, 150, 155, 155, 150, 145, 145, 140, 140, 135, 130, 130, 135, 135, 135, 130, 130, 125, 125, 120, 120, 120, 125, 125, 120, 115, 115, 110, 110, 105, 100, 100, 105, 105, 100, 100, 105, 110, 110, 115, 115, 115, 110, 110, 115, 115, 115, 110, 110, 105, 105, 100, 100, 100, 105, 105, 100, 95, 90, 90, 95, 95, 95, 90, 90, 85, 85, 80, 80, 80, 85, 85, 80, 80, 80, 85, 85, 90, 95, 95, 90, 90, 95, 95, 90, 85, 85, 80, 80, 80, 80, 85, 85, 90, 95, 95, 90, 90, 95, 95, 90, 85, 85, 80, 80,  80,  85,  85,  80,  80,  80,  85,  85,  90,  90,  95,  95,  95,  90,  90,  95, 100, 105, 105, 100, 100, 100, 105, 105, 110, 110, 115, 115, 115, 110, 110, 115, 115, 115, 110, 110, 105, 100, 100, 105, 105, 100, 100, 105, 110, 110, 115, 115, 120, 125, 125, 120, 120, 120, 125, 125, 130, 130, 135, 135, 135, 130, 130, 135, 140, 140, 145, 145, 150, 155, 155, 150, 150, 155, 155, 150, 145, 145, 140, 140, 140, 140, 145, 145, 150, 155, 155, 150, 150, 155, 155, 150, 145, 145, 140, 140, 135, 130, 130, 135, 135, 135, 130, 130, 125, 125, 120, 120, 120, 125, 125, 120, 120, 125, 125, 120, 120, 120, 125, 125, 130, 130, 135, 135, 135, 130, 130, 135, 140, 140, 145, 145, 150, 155, 155, 150, 150, 155, 155, 150, 145, 145, 140, 140, 140, 140, 145, 145, 150, 155, 155, 150, 150, 155, 155, 150, 145, 145, 140, 140, 135, 130, 130, 135, 135, 135, 130, 130, 125, 125, 120, 120, 120, 125, 125, 120, 115, 115, 110, 110, 105, 100, 100, 105, 105, 100, 100, 105, 110, 110, 115, 115, 115, 110, 110, 115, 115, 115, 110, 110, 105, 105, 100, 100, 100, 105, 105, 100,  95,  90,  90,  95,  95,  95,  90,  90,  85,  85,  80,  80,  80,  85,  85,  80,  80,  80,  85,  85,  90,  95,  95,  90,  90,  95,  95,  90,  85,  85,  80,  80,  75,  70,  70,  75,  75,  75,  70,  70,  65,  65,  60,  60,  60,  65,  65,  60,  55,  55,  50,  50,  45,  40,  40,  45,  45,  40,  40,  45,  50,  50,  55,  55,  55,  55,  50,  50,  45,  40,  40,  45,  45,  40,  40,  45,  50,  50,  55,  55,  60,  65,  65,  60,  60,  60,  65,  65,  70,  70,  75,  75,  75,  70,  70,  75,  75,  75,  70,  70,  65,  60,  60,  65,  65,  60,  60,  65,  70,  70,  75,  75, 75, 70, 70, 75, 75, 75, 70, 70, 65, 65, 60, 60, 60, 65, 65, 60, 55, 50, 50, 55, 55, 55, 50, 50, 45, 45, 40, 40, 40, 45, 45, 40,  40,  40,  45,  45,  50,  55,  55,  50,  50,  55,  55,  50,  45,  45,  40,  40,  35,  35,  30,  30,  25,  20,  20,  25,  25,  20,  20,  25,  30,  30,  35,  35, 35, 30, 30, 35, 35, 35, 30, 30, 25, 25, 20, 20, 20, 25, 25, 20, 15, 10, 10, 15, 15, 15, 10, 10,  5,  5,  0,  0,  0,  5,  5,  0,   0,   0,   5,   5,  10,  15,  15,  10,  10,  15,  15,  10,   5,   5,   0,   0,   0,   5,   5,   0,   0,   0,   5,   5,  10,  10,  15,  15,  15,  10,  10,  15,  20,  20,  25,  25,  30,  35,  35,  30,  30,  35,  35,  30,  25,  25,  20,  20,  20,  20,  25,  25,  30,  35,  35,  30,  30, }// XCOOR
{0, 5, 5, 10, 15, 15, 10, 10, 15, 15, 10,  5,  5,  0,  0,  0,  5,  5,  0,  0,  0,  5,  5, 10, 10, 15, 15, 15, 10, 10, 15, 20, 25, 25, 20, 20, 20, 25, 25, 30, 30, 35, 35, 35, 30, 30, 35, 35, 35, 30, 30, 25, 20, 20, 25, 25, 20, 20, 25, 30, 30, 35, 35, 40, 45, 45, 40, 40, 40, 45, 45, 50, 50, 55, 55, 55, 50, 50, 55, 60, 60, 65, 65, 70, 75, 75, 70, 70, 75, 75, 70, 65, 65, 60, 60, 60, 60, 65, 65, 70, 75, 75, 70, 70, 75, 75, 70, 65, 65, 60, 60, 55, 50, 50, 55, 55, 55, 50, 50, 45, 45, 40, 40, 40, 45, 45, 40, 40, 45, 45, 40, 40, 40, 45, 45, 50, 50, 55, 55, 55, 50, 50, 55, 60, 60, 65, 65, 70, 75, 75, 70, 70, 75, 75, 70, 65, 65, 60, 60, 60, 60, 65, 65, 70, 75, 75, 70, 70, 75, 75, 70, 65, 65, 60, 60, 55, 50, 50, 55, 55, 55, 50, 50, 45, 45, 40, 40, 40, 45, 45, 40, 35, 35, 30, 30, 25, 20, 20, 25, 25, 20, 20, 25, 30, 30, 35, 35, 35, 30, 30, 35, 35, 35, 30, 30, 25, 25, 20, 20, 20, 25, 25, 20, 15, 10, 10, 15, 15, 15, 10, 10,  5,  5,  0,  0,  0,  5,  5,  0,  0,  0,  5,  5, 10, 15, 15, 10, 10, 15, 15, 10,  5,  5,  0,  0,  0,  5,  5,  0,  0,  0,  5,  5, 10, 10, 15, 15, 15, 10, 10, 15, 20, 20, 25, 25, 30, 35, 35, 30, 30, 35, 35, 30, 25, 25, 20, 20,  20,  20,  25,  25,  30,  35,  35,  30,  30,  35,  35,  30,  25,  25,  20,  20,  15,  10,  10,  15,  15,  15,  10,  10,   5,   5,   0,   0,   0,   5,   5,   0,   0,   0,   5,   5,  10,  15,  15,  10,  10,  15,  15,  10,   5,   5,   0,   0,   0,   5,   5,   0,   0,   0,   5,   5,  10,  10,  15,  15,  15,  10,  10,  15,  20,  25,  25,  20,  20,  20,  25,  25,  30,  30,  35,  35,  35,  30,  30,  35,  35,  35,  30,  30,  25,  20,  20,  25,  25,  20,  20,  25,  30,  30,  35,  35,  40,  40,  45,  45,  50,  55,  55,  50,  50,  55,  55,  50,  45,  45,  40,  40,  40,  45,  45,  40,  40,  40,  45,  45,  50,  50,  55,  55,  55,  50,  50,  55,  60,  65,  65,  60,  60,  60,  65,  65,  70,  70,  75,  75,  75,  70,  70,  75,  75,  75,  70,  70,  65,  60,  60,  65,  65,  60,  60,  65,  70,  70,  75,  75,  75,  70,  70,  75,  75,  75,  70,  70,  65,  65,  60,  60,  60,  65,  65,  60,  55,  55,  50,  50,  45,  40,  40,  45,  45,  40,  40,  45,  50,  50,  55,  55, 55, 55, 50, 50, 45, 40, 40, 45, 45, 40, 40, 45, 50, 50, 55, 55, 60, 65, 65, 60, 60, 60, 65, 65, 70, 70, 75, 75, 75, 70, 70, 75, 80, 85, 85, 80, 80, 80, 85, 85, 90, 90, 95, 95, 95, 90, 90, 95, 100, 100, 105, 105, 110, 115, 115, 110, 110, 115, 115, 110, 105, 105, 100, 100, 100, 100, 105, 105, 110, 115, 115, 110, 110, 115, 115, 110, 105, 105, 100, 100,  95,  90,  90,  95,  95,  95,  90,  90,  85,  85,  80,  80,  80,  85,  85,  80,  80,  80,  85,  85,  90,  95,  95,  90,  90,  95,  95,  90,  85,  85,  80,  80,  80,  85,  85,  80,  80,  80,  85,  85,  90,  90,  95,  95,  95,  90,  90,  95, 100, 105, 105, 100, 100, 100, 105, 105, 110, 110, 115, 115, 115, 110, 110, 115, 115, 115, 110, 110, 105, 100, 100, 105, 105, 100, 100, 105, 110, 110, 115, 115, 120, 120, 125, 125, 130, 135, 135, 130, 130, 135, 135, 130, 125, 125, 120, 120, 120, 125, 125, 120, 120, 120, 125, 125, 130, 130, 135, 135, 135, 130, 130, 135, 140, 145, 145, 140, 140, 140, 145, 145, 150, 150, 155, 155, 155, 150, 150, 155, 155, 155, 150, 150, 145, 140, 140, 145, 145, 140, 140, 145, 150, 150, 155, 155, 155, 150, 150, 155, 155, 155, 150, 150, 145, 145, 140, 140, 140, 145, 145, 140, 135, 135, 130, 130, 125, 120, 120, 125, 125, 120, 120, 125, 130, 130, 135, 135, 135, 135, 130, 130, 125, 120, 120, 125, 125, 120, 120, 125, 130, 130, 135, 135, 140, 145, 145, 140, 140, 140, 145, 145, 150, 150, 155, 155, 155, 150, 150, 155, 155, 155, 150, 150, 145, 140, 140, 145, 145, 140, 140, 145, 150, 150, 155, 155, 155, 150, 150, 155, 155, 155, 150, 150, 145, 145, 140, 140, 140, 145, 145, 140, 135, 130, 130, 135, 135, 135, 130, 130, 125, 125, 120, 120, 120, 125, 125, 120, 120, 120, 125, 125, 130, 135, 135, 130, 130, 135, 135, 130, 125, 125, 120, 120, 115, 110, 110, 115, 115, 115, 110, 110, 105, 105, 100, 100, 100, 105, 105, 100, 95, 95, 90, 90, 85, 80, 80, 85, 85, 80, 80, 85, 90, 90, 95, 95, 95, 95, 90, 90, 85, 80, 80, 85, 85, 80, 80, 85, 90, 90, 95, 95, 100, 105, 105, 100, 100, 100, 105, 105, 110, 110, 115, 115, 115, 110, 110, 115, 115, 110, 110, 115, 115, 115, 110, 110, 105, 105, 100, 100, 100, 105, 105, 100, 95, 95, 90, 90, 85, 80, 80, 85, 85, 80, 80, 85, 90, 90, 95, 95, 95, 95, 90, 90, 85, 80, 80, 85, 85, 80, 80, 85, 90, 90, 95, 95, 100, 105, 105, 100, 100, 100, 105, 105, 110, 110, 115, 115, 115, 110, 110, 115, 120, 120, 125, 125, 130, 135, 135, 130, 130, 135, 135, 130, 125, 125, 120, 120, 120, 125, 125, 120, 120, 120, 125, 125, 130, 130, 135, 135, 135, 130, 130, 135, 140, 145, 145, 140, 140, 140, 145, 145, 150, }// YCOOR

 ~ Iteration number:6 ~ Moving @5 per
{0, 5, 5, 10, 15, 15, 10, 10, 15, 15, 10,  5,  5,  0,  0,  0,  5,  5,  0,  0,  0,  5,  5, 10, 10, 15, 15, 15, 10, 10, 15, 20, 25, 25, 20, 20, 20, 25, 25, 30, 30, 35, 35, 35, 30, 30, 35, 35, 35, 30, 30, 25, 20, 20, 25, 25, 20, 20, 25, 30, 30, 35, 35, 40, 45, 45, 40, 40, 40, 45, 45, 50, 50, 55, 55, 55, 50, 50, 55, 60, 60, 65, 65, 70, 75, 75, 70, 70, 75, 75, 70, 65, 65, 60, 60, 60, 60, 65, 65, 70, 75, 75, 70, 70, 75, 75, 70, 65, 65, 60, 60, 55, 50, 50, 55, 55, 55, 50, 50, 45, 45, 40, 40, 40, 45, 45, 40, 40, 45, 45, 40, 40, 40, 45, 45, 50, 50, 55, 55, 55, 50, 50, 55, 60, 60, 65, 65, 70, 75, 75, 70, 70, 75, 75, 70, 65, 65, 60, 60, 60, 60, 65, 65, 70, 75, 75, 70, 70, 75, 75, 70, 65, 65, 60, 60, 55, 50, 50, 55, 55, 55, 50, 50, 45, 45, 40, 40, 40, 45, 45, 40, 35, 35, 30, 30, 25, 20, 20, 25, 25, 20, 20, 25, 30, 30, 35, 35, 35, 30, 30, 35, 35, 35, 30, 30, 25, 25, 20, 20, 20, 25, 25, 20, 15, 10, 10, 15, 15, 15, 10, 10,  5,  5,  0,  0,  0,  5,  5,  0,  0,  0,  5,  5, 10, 15, 15, 10, 10, 15, 15, 10,  5,  5,  0,  0,  0,  5,  5,  0,  0,  0,  5,  5, 10, 10, 15, 15, 15, 10, 10, 15, 20, 20, 25, 25, 30, 35, 35, 30, 30, 35, 35, 30, 25, 25, 20, 20,  20,  20,  25,  25,  30,  35,  35,  30,  30,  35,  35,  30,  25,  25,  20,  20,  15,  10,  10,  15,  15,  15,  10,  10,   5,   5,   0,   0,   0,   5,   5,   0,   0,   0,   5,   5,  10,  15,  15,  10,  10,  15,  15,  10,   5,   5,   0,   0,   0,   5,   5,   0,   0,   0,   5,   5,  10,  10,  15,  15,  15,  10,  10,  15,  20,  25,  25,  20,  20,  20,  25,  25,  30,  30,  35,  35,  35,  30,  30,  35,  35,  35,  30,  30,  25,  20,  20,  25,  25,  20,  20,  25,  30,  30,  35,  35,  40,  40,  45,  45,  50,  55,  55,  50,  50,  55,  55,  50,  45,  45,  40,  40,  40,  45,  45,  40,  40,  40,  45,  45,  50,  50,  55,  55,  55,  50,  50,  55,  60,  65,  65,  60,  60,  60,  65,  65,  70,  70,  75,  75,  75,  70,  70,  75,  75,  75,  70,  70,  65,  60,  60,  65,  65,  60,  60,  65,  70,  70,  75,  75,  75,  70,  70,  75,  75,  75,  70,  70,  65,  65,  60,  60,  60,  65,  65,  60,  55,  55,  50,  50,  45,  40,  40,  45,  45,  40,  40,  45,  50,  50,  55,  55, 55, 55, 50, 50, 45, 40, 40, 45, 45, 40, 40, 45, 50, 50, 55, 55, 60, 65, 65, 60, 60, 60, 65, 65, 70, 70, 75, 75, 75, 70, 70, 75, 80, 85, 85, 80, 80, 80, 85, 85, 90, 90, 95, 95, 95, 90, 90, 95, 100, 100, 105, 105, 110, 115, 115, 110, 110, 115, 115, 110, 105, 105, 100, 100, 100, 100, 105, 105, 110, 115, 115, 110, 110, 115, 115, 110, 105, 105, 100, 100,  95,  90,  90,  95,  95,  95,  90,  90,  85,  85,  80,  80,  80,  85,  85,  80,  80,  80,  85,  85,  90,  95,  95,  90,  90,  95,  95,  90,  85,  85,  80,  80,  80,  85,  85,  80,  80,  80,  85,  85,  90,  90,  95,  95,  95,  90,  90,  95, 100, 105, 105, 100, 100, 100, 105, 105, 110, 110, 115, 115, 115, 110, 110, 115, 115, 115, 110, 110, 105, 100, 100, 105, 105, 100, 100, 105, 110, 110, 115, 115, 120, 120, 125, 125, 130, 135, 135, 130, 130, 135, 135, 130, 125, 125, 120, 120, 120, 125, 125, 120, 120, 120, 125, 125, 130, 130, 135, 135, 135, 130, 130, 135, 140, 145, 145, 140, 140, 140, 145, 145, 150, 150, 155, 155, 155, 150, 150, 155, 155, 155, 150, 150, 145, 140, 140, 145, 145, 140, 140, 145, 150, 150, 155, 155, 155, 150, 150, 155, 155, 155, 150, 150, 145, 145, 140, 140, 140, 145, 145, 140, 135, 135, 130, 130, 125, 120, 120, 125, 125, 120, 120, 125, 130, 130, 135, 135, 135, 135, 130, 130, 125, 120, 120, 125, 125, 120, 120, 125, 130, 130, 135, 135, 140, 145, 145, 140, 140, 140, 145, 145, 150, 150, 155, 155, 155, 150, 150, 155, 155, 155, 150, 150, 145, 140, 140, 145, 145, 140, 140, 145, 150, 150, 155, 155, 155, 150, 150, 155, 155, 155, 150, 150, 145, 145, 140, 140, 140, 145, 145, 140, 135, 130, 130, 135, 135, 135, 130, 130, 125, 125, 120, 120, 120, 125, 125, 120, 120, 120, 125, 125, 130, 135, 135, 130, 130, 135, 135, 130, 125, 125, 120, 120, 115, 110, 110, 115, 115, 115, 110, 110, 105, 105, 100, 100, 100, 105, 105, 100, 95, 95, 90, 90, 85, 80, 80, 85, 85, 80, 80, 85, 90, 90, 95, 95, 95, 95, 90, 90, 85, 80, 80, 85, 85, 80, 80, 85, 90, 90, 95, 95, 100, 105, 105, 100, 100, 100, 105, 105, 110, 110, 115, 115, 115, 110, 110, 115, 115, 110, 110, 115, 115, 115, 110, 110, 105, 105, 100, 100, 100, 105, 105, 100, 95, 95, 90, 90, 85, 80, 80, 85, 85, 80, 80, 85, 90, 90, 95, 95, 95, 95, 90, 90, 85, 80, 80, 85, 85, 80, 80, 85, 90, 90, 95, 95, 100, 105, 105, 100, 100, 100, 105, 105, 110, 110, 115, 115, 115, 110, 110, 115, 120, 120, 125, 125, 130, 135, 135, 130, 130, 135, 135, 130, 125, 125, 120, 120, 120, 125, 125, 120, 120, 120, 125, 125, 130, 130, 135, 135, 135, 130, 130, 135, 140, 145, 145, 140, 140, 140, 145, 145, 150, }// XCOOR
{5, 5, 0,  0,  0,  5,  5, 10, 10, 15, 15, 15, 10, 10, 15, 20, 20, 25, 25, 30, 35, 35, 30, 30, 35, 35, 30, 25, 25, 20, 20, 20, 20, 25, 25, 30, 35, 35, 30, 30, 35, 35, 30, 25, 25, 20, 20, 15, 10, 10, 15, 15, 15, 10, 10,  5,  5,  0,  0,  0,  5,  5,  0,  0,  0,  5,  5, 10, 15, 15, 10, 10, 15, 15, 10,  5,  5,  0,  0,  0,  5,  5,  0,  0,  0,  5,  5, 10, 10, 15, 15, 15, 10, 10, 15, 20, 25, 25, 20, 20, 20, 25, 25, 30, 30, 35, 35, 35, 30, 30, 35, 35, 35, 30, 30, 25, 20, 20, 25, 25, 20, 20, 25, 30, 30, 35, 35, 40, 40, 45, 45, 50, 55, 55, 50, 50, 55, 55, 50, 45, 45, 40, 40, 40, 45, 45, 40, 40, 40, 45, 45, 50, 50, 55, 55, 55, 50, 50, 55, 60, 65, 65, 60, 60, 60, 65, 65, 70, 70, 75, 75, 75, 70, 70, 75, 75, 75, 70, 70, 65, 60, 60, 65, 65, 60, 60, 65, 70, 70, 75, 75, 75, 70, 70, 75, 75, 75, 70, 70, 65, 65, 60, 60, 60, 65, 65, 60, 55, 55, 50, 50, 45, 40, 40, 45, 45, 40, 40, 45, 50, 50, 55, 55, 55, 55, 50, 50, 45, 40, 40, 45, 45, 40, 40, 45, 50, 50, 55, 55, 60, 65, 65, 60, 60, 60, 65, 65, 70, 70, 75, 75, 75, 70, 70, 75, 80, 80, 85, 85, 90, 95, 95, 90, 90, 95, 95, 90, 85, 85, 80, 80, 80, 85, 85, 80, 80, 80, 85, 85, 90, 90, 95, 95, 95, 90, 90, 95, 100, 105, 105, 100, 100, 100, 105, 105, 110, 110, 115, 115, 115, 110, 110, 115, 115, 115, 110, 110, 105, 100, 100, 105, 105, 100, 100, 105, 110, 110, 115, 115, 120, 125, 125, 120, 120, 120, 125, 125, 130, 130, 135, 135, 135, 130, 130, 135, 140, 140, 145, 145, 150, 155, 155, 150, 150, 155, 155, 150, 145, 145, 140, 140, 140, 140, 145, 145, 150, 155, 155, 150, 150, 155, 155, 150, 145, 145, 140, 140, 135, 130, 130, 135, 135, 135, 130, 130, 125, 125, 120, 120, 120, 125, 125, 120, 120, 125, 125, 120, 120, 120, 125, 125, 130, 130, 135, 135, 135, 130, 130, 135, 140, 140, 145, 145, 150, 155, 155, 150, 150, 155, 155, 150, 145, 145, 140, 140, 140, 140, 145, 145, 150, 155, 155, 150, 150, 155, 155, 150, 145, 145, 140, 140, 135, 130, 130, 135, 135, 135, 130, 130, 125, 125, 120, 120, 120, 125, 125, 120, 115, 115, 110, 110, 105, 100, 100, 105, 105, 100, 100, 105, 110, 110, 115, 115, 115, 110, 110, 115, 115, 115, 110, 110, 105, 105, 100, 100, 100, 105, 105, 100, 95, 90, 90, 95, 95, 95, 90, 90, 85, 85, 80, 80, 80, 85, 85, 80, 80, 80, 85, 85, 90, 95, 95, 90, 90, 95, 95, 90, 85, 85, 80, 80, 80, 80, 85, 85, 90, 95, 95, 90, 90, 95, 95, 90, 85, 85, 80, 80,  80,  85,  85,  80,  80,  80,  85,  85,  90,  90,  95,  95,  95,  90,  90,  95, 100, 105, 105, 100, 100, 100, 105, 105, 110, 110, 115, 115, 115, 110, 110, 115, 115, 115, 110, 110, 105, 100, 100, 105, 105, 100, 100, 105, 110, 110, 115, 115, 120, 125, 125, 120, 120, 120, 125, 125, 130, 130, 135, 135, 135, 130, 130, 135, 140, 140, 145, 145, 150, 155, 155, 150, 150, 155, 155, 150, 145, 145, 140, 140, 140, 140, 145, 145, 150, 155, 155, 150, 150, 155, 155, 150, 145, 145, 140, 140, 135, 130, 130, 135, 135, 135, 130, 130, 125, 125, 120, 120, 120, 125, 125, 120, 120, 125, 125, 120, 120, 120, 125, 125, 130, 130, 135, 135, 135, 130, 130, 135, 140, 140, 145, 145, 150, 155, 155, 150, 150, 155, 155, 150, 145, 145, 140, 140, 140, 140, 145, 145, 150, 155, 155, 150, 150, 155, 155, 150, 145, 145, 140, 140, 135, 130, 130, 135, 135, 135, 130, 130, 125, 125, 120, 120, 120, 125, 125, 120, 115, 115, 110, 110, 105, 100, 100, 105, 105, 100, 100, 105, 110, 110, 115, 115, 115, 110, 110, 115, 115, 115, 110, 110, 105, 105, 100, 100, 100, 105, 105, 100,  95,  90,  90,  95,  95,  95,  90,  90,  85,  85,  80,  80,  80,  85,  85,  80,  80,  80,  85,  85,  90,  95,  95,  90,  90,  95,  95,  90,  85,  85,  80,  80,  75,  70,  70,  75,  75,  75,  70,  70,  65,  65,  60,  60,  60,  65,  65,  60,  55,  55,  50,  50,  45,  40,  40,  45,  45,  40,  40,  45,  50,  50,  55,  55,  55,  55,  50,  50,  45,  40,  40,  45,  45,  40,  40,  45,  50,  50,  55,  55,  60,  65,  65,  60,  60,  60,  65,  65,  70,  70,  75,  75,  75,  70,  70,  75,  75,  75,  70,  70,  65,  60,  60,  65,  65,  60,  60,  65,  70,  70,  75,  75, 75, 70, 70, 75, 75, 75, 70, 70, 65, 65, 60, 60, 60, 65, 65, 60, 55, 50, 50, 55, 55, 55, 50, 50, 45, 45, 40, 40, 40, 45, 45, 40,  40,  40,  45,  45,  50,  55,  55,  50,  50,  55,  55,  50,  45,  45,  40,  40,  35,  35,  30,  30,  25,  20,  20,  25,  25,  20,  20,  25,  30,  30,  35,  35, 35, 30, 30, 35, 35, 35, 30, 30, 25, 25, 20, 20, 20, 25, 25, 20, 15, 10, 10, 15, 15, 15, 10, 10,  5,  5,  0,  0,  0,  5,  5,  0,   0,   0,   5,   5,  10,  15,  15,  10,  10,  15,  15,  10,   5,   5,   0,   0,   0,   5,   5,   0,   0,   0,   5,   5,  10,  10,  15,  15,  15,  10,  10,  15,  20,  20,  25,  25,  30,  35,  35,  30,  30,  35,  35,  30,  25,  25,  20,  20,  20,  20,  25,  25,  30,  35,  35,  30,  30, }// YCOOR

 ~ Iteration number:7 ~ Moving @5 per
{5, 5, 0,  0,  0,  5,  5, 10, 10, 15, 15, 15, 10, 10, 15, 20, 20, 25, 25, 30, 35, 35, 30, 30, 35, 35, 30, 25, 25, 20, 20, 20, 20, 25, 25, 30, 35, 35, 30, 30, 35, 35, 30, 25, 25, 20, 20, 15, 10, 10, 15, 15, 15, 10, 10,  5,  5,  0,  0,  0,  5,  5,  0,  0,  0,  5,  5, 10, 15, 15, 10, 10, 15, 15, 10,  5,  5,  0,  0,  0,  5,  5,  0,  0,  0,  5,  5, 10, 10, 15, 15, 15, 10, 10, 15, 20, 25, 25, 20, 20, 20, 25, 25, 30, 30, 35, 35, 35, 30, 30, 35, 35, 35, 30, 30, 25, 20, 20, 25, 25, 20, 20, 25, 30, 30, 35, 35, 40, 40, 45, 45, 50, 55, 55, 50, 50, 55, 55, 50, 45, 45, 40, 40, 40, 45, 45, 40, 40, 40, 45, 45, 50, 50, 55, 55, 55, 50, 50, 55, 60, 65, 65, 60, 60, 60, 65, 65, 70, 70, 75, 75, 75, 70, 70, 75, 75, 75, 70, 70, 65, 60, 60, 65, 65, 60, 60, 65, 70, 70, 75, 75, 75, 70, 70, 75, 75, 75, 70, 70, 65, 65, 60, 60, 60, 65, 65, 60, 55, 55, 50, 50, 45, 40, 40, 45, 45, 40, 40, 45, 50, 50, 55, 55, 55, 55, 50, 50, 45, 40, 40, 45, 45, 40, 40, 45, 50, 50, 55, 55, 60, 65, 65, 60, 60, 60, 65, 65, 70, 70, 75, 75, 75, 70, 70, 75, 80, 80, 85, 85, 90, 95, 95, 90, 90, 95, 95, 90, 85, 85, 80, 80, 80, 85, 85, 80, 80, 80, 85, 85, 90, 90, 95, 95, 95, 90, 90, 95, 100, 105, 105, 100, 100, 100, 105, 105, 110, 110, 115, 115, 115, 110, 110, 115, 115, 115, 110, 110, 105, 100, 100, 105, 105, 100, 100, 105, 110, 110, 115, 115, 120, 125, 125, 120, 120, 120, 125, 125, 130, 130, 135, 135, 135, 130, 130, 135, 140, 140, 145, 145, 150, 155, 155, 150, 150, 155, 155, 150, 145, 145, 140, 140, 140, 140, 145, 145, 150, 155, 155, 150, 150, 155, 155, 150, 145, 145, 140, 140, 135, 130, 130, 135, 135, 135, 130, 130, 125, 125, 120, 120, 120, 125, 125, 120, 120, 125, 125, 120, 120, 120, 125, 125, 130, 130, 135, 135, 135, 130, 130, 135, 140, 140, 145, 145, 150, 155, 155, 150, 150, 155, 155, 150, 145, 145, 140, 140, 140, 140, 145, 145, 150, 155, 155, 150, 150, 155, 155, 150, 145, 145, 140, 140, 135, 130, 130, 135, 135, 135, 130, 130, 125, 125, 120, 120, 120, 125, 125, 120, 115, 115, 110, 110, 105, 100, 100, 105, 105, 100, 100, 105, 110, 110, 115, 115, 115, 110, 110, 115, 115, 115, 110, 110, 105, 105, 100, 100, 100, 105, 105, 100, 95, 90, 90, 95, 95, 95, 90, 90, 85, 85, 80, 80, 80, 85, 85, 80, 80, 80, 85, 85, 90, 95, 95, 90, 90, 95, 95, 90, 85, 85, 80, 80, 80, 80, 85, 85, 90, 95, 95, 90, 90, 95, 95, 90, 85, 85, 80, 80,  80,  85,  85,  80,  80,  80,  85,  85,  90,  90,  95,  95,  95,  90,  90,  95, 100, 105, 105, 100, 100, 100, 105, 105, 110, 110, 115, 115, 115, 110, 110, 115, 115, 115, 110, 110, 105, 100, 100, 105, 105, 100, 100, 105, 110, 110, 115, 115, 120, 125, 125, 120, 120, 120, 125, 125, 130, 130, 135, 135, 135, 130, 130, 135, 140, 140, 145, 145, 150, 155, 155, 150, 150, 155, 155, 150, 145, 145, 140, 140, 140, 140, 145, 145, 150, 155, 155, 150, 150, 155, 155, 150, 145, 145, 140, 140, 135, 130, 130, 135, 135, 135, 130, 130, 125, 125, 120, 120, 120, 125, 125, 120, 120, 125, 125, 120, 120, 120, 125, 125, 130, 130, 135, 135, 135, 130, 130, 135, 140, 140, 145, 145, 150, 155, 155, 150, 150, 155, 155, 150, 145, 145, 140, 140, 140, 140, 145, 145, 150, 155, 155, 150, 150, 155, 155, 150, 145, 145, 140, 140, 135, 130, 130, 135, 135, 135, 130, 130, 125, 125, 120, 120, 120, 125, 125, 120, 115, 115, 110, 110, 105, 100, 100, 105, 105, 100, 100, 105, 110, 110, 115, 115, 115, 110, 110, 115, 115, 115, 110, 110, 105, 105, 100, 100, 100, 105, 105, 100,  95,  90,  90,  95,  95,  95,  90,  90,  85,  85,  80,  80,  80,  85,  85,  80,  80,  80,  85,  85,  90,  95,  95,  90,  90,  95,  95,  90,  85,  85,  80,  80,  75,  70,  70,  75,  75,  75,  70,  70,  65,  65,  60,  60,  60,  65,  65,  60,  55,  55,  50,  50,  45,  40,  40,  45,  45,  40,  40,  45,  50,  50,  55,  55,  55,  55,  50,  50,  45,  40,  40,  45,  45,  40,  40,  45,  50,  50,  55,  55,  60,  65,  65,  60,  60,  60,  65,  65,  70,  70,  75,  75,  75,  70,  70,  75,  75,  75,  70,  70,  65,  60,  60,  65,  65,  60,  60,  65,  70,  70,  75,  75, 75, 70, 70, 75, 75, 75, 70, 70, 65, 65, 60, 60, 60, 65, 65, 60, 55, 50, 50, 55, 55, 55, 50, 50, 45, 45, 40, 40, 40, 45, 45, 40,  40,  40,  45,  45,  50,  55,  55,  50,  50,  55,  55,  50,  45,  45,  40,  40,  35,  35,  30,  30,  25,  20,  20,  25,  25,  20,  20,  25,  30,  30,  35,  35, 35, 30, 30, 35, 35, 35, 30, 30, 25, 25, 20, 20, 20, 25, 25, 20, 15, 10, 10, 15, 15, 15, 10, 10,  5,  5,  0,  0,  0,  5,  5,  0,   0,   0,   5,   5,  10,  15,  15,  10,  10,  15,  15,  10,   5,   5,   0,   0,   0,   5,   5,   0,   0,   0,   5,   5,  10,  10,  15,  15,  15,  10,  10,  15,  20,  20,  25,  25,  30,  35,  35,  30,  30,  35,  35,  30,  25,  25,  20,  20,  20,  20,  25,  25,  30,  35,  35,  30,  30, }// XCOOR
{0, 5, 5, 10, 15, 15, 10, 10, 15, 15, 10,  5,  5,  0,  0,  0,  5,  5,  0,  0,  0,  5,  5, 10, 10, 15, 15, 15, 10, 10, 15, 20, 25, 25, 20, 20, 20, 25, 25, 30, 30, 35, 35, 35, 30, 30, 35, 35, 35, 30, 30, 25, 20, 20, 25, 25, 20, 20, 25, 30, 30, 35, 35, 40, 45, 45, 40, 40, 40, 45, 45, 50, 50, 55, 55, 55, 50, 50, 55, 60, 60, 65, 65, 70, 75, 75, 70, 70, 75, 75, 70, 65, 65, 60, 60, 60, 60, 65, 65, 70, 75, 75, 70, 70, 75, 75, 70, 65, 65, 60, 60, 55, 50, 50, 55, 55, 55, 50, 50, 45, 45, 40, 40, 40, 45, 45, 40, 40, 45, 45, 40, 40, 40, 45, 45, 50, 50, 55, 55, 55, 50, 50, 55, 60, 60, 65, 65, 70, 75, 75, 70, 70, 75, 75, 70, 65, 65, 60, 60, 60, 60, 65, 65, 70, 75, 75, 70, 70, 75, 75, 70, 65, 65, 60, 60, 55, 50, 50, 55, 55, 55, 50, 50, 45, 45, 40, 40, 40, 45, 45, 40, 35, 35, 30, 30, 25, 20, 20, 25, 25, 20, 20, 25, 30, 30, 35, 35, 35, 30, 30, 35, 35, 35, 30, 30, 25, 25, 20, 20, 20, 25, 25, 20, 15, 10, 10, 15, 15, 15, 10, 10,  5,  5,  0,  0,  0,  5,  5,  0,  0,  0,  5,  5, 10, 15, 15, 10, 10, 15, 15, 10,  5,  5,  0,  0,  0,  5,  5,  0,  0,  0,  5,  5, 10, 10, 15, 15, 15, 10, 10, 15, 20, 20, 25, 25, 30, 35, 35, 30, 30, 35, 35, 30, 25, 25, 20, 20,  20,  20,  25,  25,  30,  35,  35,  30,  30,  35,  35,  30,  25,  25,  20,  20,  15,  10,  10,  15,  15,  15,  10,  10,   5,   5,   0,   0,   0,   5,   5,   0,   0,   0,   5,   5,  10,  15,  15,  10,  10,  15,  15,  10,   5,   5,   0,   0,   0,   5,   5,   0,   0,   0,   5,   5,  10,  10,  15,  15,  15,  10,  10,  15,  20,  25,  25,  20,  20,  20,  25,  25,  30,  30,  35,  35,  35,  30,  30,  35,  35,  35,  30,  30,  25,  20,  20,  25,  25,  20,  20,  25,  30,  30,  35,  35,  40,  40,  45,  45,  50,  55,  55,  50,  50,  55,  55,  50,  45,  45,  40,  40,  40,  45,  45,  40,  40,  40,  45,  45,  50,  50,  55,  55,  55,  50,  50,  55,  60,  65,  65,  60,  60,  60,  65,  65,  70,  70,  75,  75,  75,  70,  70,  75,  75,  75,  70,  70,  65,  60,  60,  65,  65,  60,  60,  65,  70,  70,  75,  75,  75,  70,  70,  75,  75,  75,  70,  70,  65,  65,  60,  60,  60,  65,  65,  60,  55,  55,  50,  50,  45,  40,  40,  45,  45,  40,  40,  45,  50,  50,  55,  55, 55, 55, 50, 50, 45, 40, 40, 45, 45, 40, 40, 45, 50, 50, 55, 55, 60, 65, 65, 60, 60, 60, 65, 65, 70, 70, 75, 75, 75, 70, 70, 75, 80, 85, 85, 80, 80, 80, 85, 85, 90, 90, 95, 95, 95, 90, 90, 95, 100, 100, 105, 105, 110, 115, 115, 110, 110, 115, 115, 110, 105, 105, 100, 100, 100, 100, 105, 105, 110, 115, 115, 110, 110, 115, 115, 110, 105, 105, 100, 100,  95,  90,  90,  95,  95,  95,  90,  90,  85,  85,  80,  80,  80,  85,  85,  80,  80,  80,  85,  85,  90,  95,  95,  90,  90,  95,  95,  90,  85,  85,  80,  80,  80,  85,  85,  80,  80,  80,  85,  85,  90,  90,  95,  95,  95,  90,  90,  95, 100, 105, 105, 100, 100, 100, 105, 105, 110, 110, 115, 115, 115, 110, 110, 115, 115, 115, 110, 110, 105, 100, 100, 105, 105, 100, 100, 105, 110, 110, 115, 115, 120, 120, 125, 125, 130, 135, 135, 130, 130, 135, 135, 130, 125, 125, 120, 120, 120, 125, 125, 120, 120, 120, 125, 125, 130, 130, 135, 135, 135, 130, 130, 135, 140, 145, 145, 140, 140, 140, 145, 145, 150, 150, 155, 155, 155, 150, 150, 155, 155, 155, 150, 150, 145, 140, 140, 145, 145, 140, 140, 145, 150, 150, 155, 155, 155, 150, 150, 155, 155, 155, 150, 150, 145, 145, 140, 140, 140, 145, 145, 140, 135, 135, 130, 130, 125, 120, 120, 125, 125, 120, 120, 125, 130, 130, 135, 135, 135, 135, 130, 130, 125, 120, 120, 125, 125, 120, 120, 125, 130, 130, 135, 135, 140, 145, 145, 140, 140, 140, 145, 145, 150, 150, 155, 155, 155, 150, 150, 155, 155, 155, 150, 150, 145, 140, 140, 145, 145, 140, 140, 145, 150, 150, 155, 155, 155, 150, 150, 155, 155, 155, 150, 150, 145, 145, 140, 140, 140, 145, 145, 140, 135, 130, 130, 135, 135, 135, 130, 130, 125, 125, 120, 120, 120, 125, 125, 120, 120, 120, 125, 125, 130, 135, 135, 130, 130, 135, 135, 130, 125, 125, 120, 120, 115, 110, 110, 115, 115, 115, 110, 110, 105, 105, 100, 100, 100, 105, 105, 100, 95, 95, 90, 90, 85, 80, 80, 85, 85, 80, 80, 85, 90, 90, 95, 95, 95, 95, 90, 90, 85, 80, 80, 85, 85, 80, 80, 85, 90, 90, 95, 95, 100, 105, 105, 100, 100, 100, 105, 105, 110, 110, 115, 115, 115, 110, 110, 115, 115, 110, 110, 115, 115, 115, 110, 110, 105, 105, 100, 100, 100, 105, 105, 100, 95, 95, 90, 90, 85, 80, 80, 85, 85, 80, 80, 85, 90, 90, 95, 95, 95, 95, 90, 90, 85, 80, 80, 85, 85, 80, 80, 85, 90, 90, 95, 95, 100, 105, 105, 100, 100, 100, 105, 105, 110, 110, 115, 115, 115, 110, 110, 115, 120, 120, 125, 125, 130, 135, 135, 130, 130, 135, 135, 130, 125, 125, 120, 120, 120, 125, 125, 120, 120, 120, 125, 125, 130, 130, 135, 135, 135, 130, 130, 135, 140, 145, 145, 140, 140, 140, 145, 145, 150, }// YCOOR

 ~ Iteration number:10 ~ Moving @2 per
{0, 2, 2, 4, 6, 6, 4, 4, 6, 6, 4, 2, 2, 0, 0, 0, 2,  2,  0,  0,  0,  2,  2,  4,  4,  6,  6,  6,  4, 4, 6, 8, 10, 10,  8,  8,  8, 10, 10, 12, 12, 14, 14, 14, 12, 12, 14, 14, 14, 12, 12, 10, 8, 8, 10, 10, 8, 8, 10, 12, 12, 14, 14, 16, 18, 18, 16, 16, 16, 18, 18, 20, 20, 22, 22, 22, 20, 20, 22, 24, 24, 26, 26, 28, 30, 30, 28, 28, 30, 30, 28, 26, 26, 24, 24, 24, 24, 26, 26, 28, 30, 30, 28, 28, 30, 30, 28, 26, 26, 24, 24, 22, 20, 20, 22, 22, 22, 20, 20, 18, 18, 16, 16, 16, 18, 18, 16, 16, 18, 18, 16, 16, 16, 18, 18, 20, 20, 22, 22, 22, 20, 20, 22, 24, 24, 26, 26, 28, 30, 30, 28, 28, 30, 30, 28, 26, 26, 24, 24, 24, 24, 26, 26, 28, 30, 30, 28, 28, 30, 30, 28, 26, 26, 24, 24, 22, 20, 20, 22, 22, 22, 20, 20, 18, 18, 16, 16, 16, 18, 18, 16, 14, 14, 12, 12, 10,  8,  8, 10, 10,  8,  8, 10, 12, 12, 14, 14, 14, 12, 12, 14, 14, 14, 12, 12, 10, 10,  8,  8,  8, 10, 10,  8,  6,  4,  4,  6,  6,  6,  4,  4,  2,  2,  0,  0,  0,  2,  2,  0,  0,  0,  2,  2,  4,  6,  6,  4,  4,  6,  6,  4,  2,  2,  0,  0,  0,  2,  2,  0,  0,  0,  2,  2,  4,  4,  6,  6,  6,  4,  4,  6,  8,  8, 10, 10, 12, 14, 14, 12, 12, 14, 14, 12, 10, 10,  8,  8,  8,  8, 10, 10, 12, 14, 14, 12, 12, 14, 14, 12, 10, 10,  8,  8,  6,  4,  4,  6,  6,  6,  4,  4,  2,  2,  0,  0,  0,  2,  2,  0,  0,  0,  2,  2,  4,  6,  6,  4,  4,  6,  6,  4,  2,  2,  0,  0,  0,  2,  2,  0,  0,  0,  2,  2,  4,  4,  6,  6,  6,  4,  4,  6,  8, 10, 10,  8,  8,  8, 10, 10, 12, 12, 14, 14, 14, 12, 12, 14, 14, 14, 12, 12, 10,  8,  8, 10, 10,  8,  8, 10, 12, 12, 14, 14, 16, 16, 18, 18, 20, 22, 22, 20, 20, 22, 22, 20, 18, 18, 16, 16, 16, 18, 18, 16, 16, 16, 18, 18, 20, 20, 22, 22, 22, 20, 20, 22, 24, 26, 26, 24, 24, 24, 26, 26, 28, 28, 30, 30, 30, 28, 28, 30, 30, 30, 28, 28, 26, 24, 24, 26, 26, 24, 24, 26, 28, 28, 30, 30, 30, 28, 28, 30, 30, 30, 28, 28, 26, 26, 24, 24, 24, 26, 26, 24, 22, 22, 20, 20, 18, 16, 16, 18, 18, 16, 16, 18, 20, 20, 22, 22, 22, 22, 20, 20, 18, 16, 16, 18, 18, 16, 16, 18, 20, 20, 22, 22, 24, 26, 26, 24, 24, 24, 26, 26, 28, 28, 30, 30, 30, 28, 28, 30, 32, 34, 34, 32, 32, 32, 34, 34, 36, 36, 38, 38, 38, 36, 36, 38, 40, 40, 42, 42, 44, 46, 46, 44, 44, 46, 46, 44, 42, 42, 40, 40, 40, 40, 42, 42, 44, 46, 46, 44, 44, 46, 46, 44, 42, 42, 40, 40, 38, 36, 36, 38, 38, 38, 36, 36, 34, 34, 32, 32, 32, 34, 34, 32, 32, 32, 34, 34, 36, 38, 38, 36, 36, 38, 38, 36, 34, 34, 32, 32, 32, 34, 34, 32, 32, 32, 34, 34, 36, 36, 38, 38, 38, 36, 36, 38, 40, 42, 42, 40, 40, 40, 42, 42, 44, 44, 46, 46, 46, 44, 44, 46, 46, 46, 44, 44, 42, 40, 40, 42, 42, 40, 40, 42, 44, 44, 46, 46, 48, 48, 50, 50, 52, 54, 54, 52, 52, 54, 54, 52, 50, 50, 48, 48, 48, 50, 50, 48, 48, 48, 50, 50, 52, 52, 54, 54, 54, 52, 52, 54, 56, 58, 58, 56, 56, 56, 58, 58, 60, 60, 62, 62, 62, 60, 60, 62, 62, 62, 60, 60, 58, 56, 56, 58, 58, 56, 56, 58, 60, 60, 62, 62, 62, 60, 60, 62, 62, 62, 60, 60, 58, 58, 56, 56, 56, 58, 58, 56, 54, 54, 52, 52, 50, 48, 48, 50, 50, 48, 48, 50, 52, 52, 54, 54, 54, 54, 52, 52, 50, 48, 48, 50, 50, 48, 48, 50, 52, 52, 54, 54, 56, 58, 58, 56, 56, 56, 58, 58, 60, 60, 62, 62, 62, 60, 60, 62, 62, 62, 60, 60, 58, 56, 56, 58, 58, 56, 56, 58, 60, 60, 62, 62, 62, 60, 60, 62, 62, 62, 60, 60, 58, 58, 56, 56, 56, 58, 58, 56, 54, 52, 52, 54, 54, 54, 52, 52, 50, 50, 48, 48, 48, 50, 50, 48, 48, 48, 50, 50, 52, 54, 54, 52, 52, 54, 54, 52, 50, 50, 48, 48, 46, 44, 44, 46, 46, 46, 44, 44, 42, 42, 40, 40, 40, 42, 42, 40, 38, 38, 36, 36, 34, 32, 32, 34, 34, 32, 32, 34, 36, 36, 38, 38, 38, 38, 36, 36, 34, 32, 32, 34, 34, 32, 32, 34, 36, 36, 38, 38, 40, 42, 42, 40, 40, 40, 42, 42, 44, 44, 46, 46, 46, 44, 44, 46, 46, 44, 44, 46, 46, 46, 44, 44, 42, 42, 40, 40, 40, 42, 42, 40, 38, 38, 36, 36, 34, 32, 32, 34, 34, 32, 32, 34, 36, 36, 38, 38, 38, 38, 36, 36, 34, 32, 32, 34, 34, 32, 32, 34, 36, 36, 38, 38, 40, 42, 42, 40, 40, 40, 42, 42, 44, 44, 46, 46, 46, 44, 44, 46, 48, 48, 50, 50, 52, 54, 54, 52, 52, 54, 54, 52, 50, 50, 48, 48, 48, 50, 50, 48, 48, 48, 50, 50, 52, 52, 54, 54, 54, 52, 52, 54, 56, 58, 58, 56, 56, 56, 58, 58, 60, }// XCOOR
{2, 2, 0, 0, 0, 2, 2, 4, 4, 6, 6, 6, 4, 4, 6, 8, 8, 10, 10, 12, 14, 14, 12, 12, 14, 14, 12, 10, 10, 8, 8, 8,  8, 10, 10, 12, 14, 14, 12, 12, 14, 14, 12, 10, 10,  8,  8,  6,  4,  4,  6,  6, 6, 4,  4,  2, 2, 0,  0,  0,  2,  2,  0,  0,  0,  2,  2,  4,  6,  6,  4,  4,  6,  6,  4,  2,  2,  0,  0,  0,  2,  2,  0,  0,  0,  2,  2,  4,  4,  6,  6,  6,  4,  4,  6,  8, 10, 10,  8,  8,  8, 10, 10, 12, 12, 14, 14, 14, 12, 12, 14, 14, 14, 12, 12, 10,  8,  8, 10, 10,  8,  8, 10, 12, 12, 14, 14, 16, 16, 18, 18, 20, 22, 22, 20, 20, 22, 22, 20, 18, 18, 16, 16, 16, 18, 18, 16, 16, 16, 18, 18, 20, 20, 22, 22, 22, 20, 20, 22, 24, 26, 26, 24, 24, 24, 26, 26, 28, 28, 30, 30, 30, 28, 28, 30, 30, 30, 28, 28, 26, 24, 24, 26, 26, 24, 24, 26, 28, 28, 30, 30, 30, 28, 28, 30, 30, 30, 28, 28, 26, 26, 24, 24, 24, 26, 26, 24, 22, 22, 20, 20, 18, 16, 16, 18, 18, 16, 16, 18, 20, 20, 22, 22, 22, 22, 20, 20, 18, 16, 16, 18, 18, 16, 16, 18, 20, 20, 22, 22, 24, 26, 26, 24, 24, 24, 26, 26, 28, 28, 30, 30, 30, 28, 28, 30, 32, 32, 34, 34, 36, 38, 38, 36, 36, 38, 38, 36, 34, 34, 32, 32, 32, 34, 34, 32, 32, 32, 34, 34, 36, 36, 38, 38, 38, 36, 36, 38, 40, 42, 42, 40, 40, 40, 42, 42, 44, 44, 46, 46, 46, 44, 44, 46, 46, 46, 44, 44, 42, 40, 40, 42, 42, 40, 40, 42, 44, 44, 46, 46, 48, 50, 50, 48, 48, 48, 50, 50, 52, 52, 54, 54, 54, 52, 52, 54, 56, 56, 58, 58, 60, 62, 62, 60, 60, 62, 62, 60, 58, 58, 56, 56, 56, 56, 58, 58, 60, 62, 62, 60, 60, 62, 62, 60, 58, 58, 56, 56, 54, 52, 52, 54, 54, 54, 52, 52, 50, 50, 48, 48, 48, 50, 50, 48, 48, 50, 50, 48, 48, 48, 50, 50, 52, 52, 54, 54, 54, 52, 52, 54, 56, 56, 58, 58, 60, 62, 62, 60, 60, 62, 62, 60, 58, 58, 56, 56, 56, 56, 58, 58, 60, 62, 62, 60, 60, 62, 62, 60, 58, 58, 56, 56, 54, 52, 52, 54, 54, 54, 52, 52, 50, 50, 48, 48, 48, 50, 50, 48, 46, 46, 44, 44, 42, 40, 40, 42, 42, 40, 40, 42, 44, 44, 46, 46, 46, 44, 44, 46, 46, 46, 44, 44, 42, 42, 40, 40, 40, 42, 42, 40, 38, 36, 36, 38, 38, 38, 36, 36, 34, 34, 32, 32, 32, 34, 34, 32, 32, 32, 34, 34, 36, 38, 38, 36, 36, 38, 38, 36, 34, 34, 32, 32, 32, 32, 34, 34, 36, 38, 38, 36, 36, 38, 38, 36, 34, 34, 32, 32, 32, 34, 34, 32, 32, 32, 34, 34, 36, 36, 38, 38, 38, 36, 36, 38, 40, 42, 42, 40, 40, 40, 42, 42, 44, 44, 46, 46, 46, 44, 44, 46, 46, 46, 44, 44, 42, 40, 40, 42, 42, 40, 40, 42, 44, 44, 46, 46, 48, 50, 50, 48, 48, 48, 50, 50, 52, 52, 54, 54, 54, 52, 52, 54, 56, 56, 58, 58, 60, 62, 62, 60, 60, 62, 62, 60, 58, 58, 56, 56, 56, 56, 58, 58, 60, 62, 62, 60, 60, 62, 62, 60, 58, 58, 56, 56, 54, 52, 52, 54, 54, 54, 52, 52, 50, 50, 48, 48, 48, 50, 50, 48, 48, 50, 50, 48, 48, 48, 50, 50, 52, 52, 54, 54, 54, 52, 52, 54, 56, 56, 58, 58, 60, 62, 62, 60, 60, 62, 62, 60, 58, 58, 56, 56, 56, 56, 58, 58, 60, 62, 62, 60, 60, 62, 62, 60, 58, 58, 56, 56, 54, 52, 52, 54, 54, 54, 52, 52, 50, 50, 48, 48, 48, 50, 50, 48, 46, 46, 44, 44, 42, 40, 40, 42, 42, 40, 40, 42, 44, 44, 46, 46, 46, 44, 44, 46, 46, 46, 44, 44, 42, 42, 40, 40, 40, 42, 42, 40, 38, 36, 36, 38, 38, 38, 36, 36, 34, 34, 32, 32, 32, 34, 34, 32, 32, 32, 34, 34, 36, 38, 38, 36, 36, 38, 38, 36, 34, 34, 32, 32, 30, 28, 28, 30, 30, 30, 28, 28, 26, 26, 24, 24, 24, 26, 26, 24, 22, 22, 20, 20, 18, 16, 16, 18, 18, 16, 16, 18, 20, 20, 22, 22, 22, 22, 20, 20, 18, 16, 16, 18, 18, 16, 16, 18, 20, 20, 22, 22, 24, 26, 26, 24, 24, 24, 26, 26, 28, 28, 30, 30, 30, 28, 28, 30, 30, 30, 28, 28, 26, 24, 24, 26, 26, 24, 24, 26, 28, 28, 30, 30, 30, 28, 28, 30, 30, 30, 28, 28, 26, 26, 24, 24, 24, 26, 26, 24, 22, 20, 20, 22, 22, 22, 20, 20, 18, 18, 16, 16, 16, 18, 18, 16, 16, 16, 18, 18, 20, 22, 22, 20, 20, 22, 22, 20, 18, 18, 16, 16, 14, 14, 12, 12, 10,  8,  8, 10, 10,  8,  8, 10, 12, 12, 14, 14, 14, 12, 12, 14, 14, 14, 12, 12, 10, 10,  8,  8,  8, 10, 10,  8,  6,  4,  4,  6,  6,  6,  4,  4,  2,  2,  0,  0,  0,  2,  2,  0,  0,  0,  2,  2,  4,  6,  6,  4,  4,  6,  6,  4,  2,  2,  0,  0,  0,  2,  2,  0,  0,  0,  2,  2,  4,  4,  6,  6,  6,  4,  4,  6,  8,  8, 10, 10, 12, 14, 14, 12, 12, 14, 14, 12, 10, 10,  8,  8,  8,  8, 10, 10, 12, 14, 14, 12, 12, }// YCOOR

 ~ Iteration number:4 ~ Moving @2 per
{0, 2, 2, 4, 6, 6, 4, 4, 6, 6, 4, 2, 2, 0, 0, 0, 2,  2,  0,  0,  0,  2,  2,  4,  4,  6,  6,  6,  4, 4, 6, 8, 10, 10,  8,  8,  8, 10, 10, 12, 12, 14, 14, 14, 12, 12, 14, 14, 14, 12, 12, 10, 8, 8, 10, 10, 8, 8, 10, 12, 12, 14, 14, 16, 18, 18, 16, 16, 16, 18, 18, 20, 20, 22, 22, 22, 20, 20, 22, 24, 24, 26, 26, 28, 30, 30, 28, 28, 30, 30, 28, 26, 26, 24, 24, 24, 24, 26, 26, 28, 30, 30, 28, 28, 30, 30, 28, 26, 26, 24, 24, 22, 20, 20, 22, 22, 22, 20, 20, 18, 18, 16, 16, 16, 18, 18, 16, 16, 18, 18, 16, 16, 16, 18, 18, 20, 20, 22, 22, 22, 20, 20, 22, 24, 24, 26, 26, 28, 30, 30, 28, 28, 30, 30, 28, 26, 26, 24, 24, 24, 24, 26, 26, 28, 30, 30, 28, 28, 30, 30, 28, 26, 26, 24, 24, 22, 20, 20, 22, 22, 22, 20, 20, 18, 18, 16, 16, 16, 18, 18, 16, 14, 14, 12, 12, 10,  8,  8, 10, 10,  8,  8, 10, 12, 12, 14, 14, 14, 12, 12, 14, 14, 14, 12, 12, 10, 10,  8,  8,  8, 10, 10,  8,  6,  4,  4,  6,  6,  6,  4,  4,  2,  2,  0,  0,  0,  2,  2,  0,  0,  0,  2,  2,  4,  6,  6,  4,  4,  6,  6,  4,  2,  2,  0,  0, 0, }// XCOOR
{2, 2, 0, 0, 0, 2, 2, 4, 4, 6, 6, 6, 4, 4, 6, 8, 8, 10, 10, 12, 14, 14, 12, 12, 14, 14, 12, 10, 10, 8, 8, 8,  8, 10, 10, 12, 14, 14, 12, 12, 14, 14, 12, 10, 10,  8,  8,  6,  4,  4,  6,  6, 6, 4,  4,  2, 2, 0,  0,  0,  2,  2,  0,  0,  0,  2,  2,  4,  6,  6,  4,  4,  6,  6,  4,  2,  2,  0,  0,  0,  2,  2,  0,  0,  0,  2,  2,  4,  4,  6,  6,  6,  4,  4,  6,  8, 10, 10,  8,  8,  8, 10, 10, 12, 12, 14, 14, 14, 12, 12, 14, 14, 14, 12, 12, 10,  8,  8, 10, 10,  8,  8, 10, 12, 12, 14, 14, 16, 16, 18, 18, 20, 22, 22, 20, 20, 22, 22, 20, 18, 18, 16, 16, 16, 18, 18, 16, 16, 16, 18, 18, 20, 20, 22, 22, 22, 20, 20, 22, 24, 26, 26, 24, 24, 24, 26, 26, 28, 28, 30, 30, 30, 28, 28, 30, 30, 30, 28, 28, 26, 24, 24, 26, 26, 24, 24, 26, 28, 28, 30, 30, 30, 28, 28, 30, 30, 30, 28, 28, 26, 26, 24, 24, 24, 26, 26, 24, 22, 22, 20, 20, 18, 16, 16, 18, 18, 16, 16, 18, 20, 20, 22, 22, 22, 22, 20, 20, 18, 16, 16, 18, 18, 16, 16, 18, 20, 20, 22, 22, 24, 26, 26, 24, 24, 24, 26, 26, 28, 28, 30, 30, 30, 28, 28, 30, 0, }// YCOOR

 ~ Iteration number:5 ~ Moving @2 per
{2, 2, 0, 0, 0, 2, 2, 4, 4, 6, 6, 6, 4, 4, 6, 8, 8, 10, 10, 12, 14, 14, 12, 12, 14, 14, 12, 10, 10, 8, 8, 8,  8, 10, 10, 12, 14, 14, 12, 12, 14, 14, 12, 10, 10,  8,  8,  6,  4,  4,  6,  6, 6, 4,  4,  2, 2, 0,  0,  0,  2,  2,  0,  0,  0,  2,  2,  4,  6,  6,  4,  4,  6,  6,  4,  2,  2,  0,  0,  0,  2,  2,  0,  0,  0,  2,  2,  4,  4,  6,  6,  6,  4,  4,  6,  8, 10, 10,  8,  8,  8, 10, 10, 12, 12, 14, 14, 14, 12, 12, 14, 14, 14, 12, 12, 10,  8,  8, 10, 10,  8,  8, 10, 12, 12, 14, 14, 16, 16, 18, 18, 20, 22, 22, 20, 20, 22, 22, 20, 18, 18, 16, 16, 16, 18, 18, 16, 16, 16, 18, 18, 20, 20, 22, 22, 22, 20, 20, 22, 24, 26, 26, 24, 24, 24, 26, 26, 28, 28, 30, 30, 30, 28, 28, 30, 30, 30, 28, 28, 26, 24, 24, 26, 26, 24, 24, 26, 28, 28, 30, 30, 30, 28, 28, 30, 30, 30, 28, 28, 26, 26, 24, 24, 24, 26, 26, 24, 22, 22, 20, 20, 18, 16, 16, 18, 18, 16, 16, 18, 20, 20, 22, 22, 22, 22, 20, 20, 18, 16, 16, 18, 18, 16, 16, 18, 20, 20, 22, 22, 24, 26, 26, 24, 24, 24, 26, 26, 28, 28, 30, 30, 30, 28, 28, 30, 32, 32, 34, 34, 36, 38, 38, 36, 36, 38, 38, 36, 34, 34, 32, 32, 32, 34, 34, 32, 32, 32, 34, 34, 36, 36, 38, 38, 38, 36, 36, 38, 40, 42, 42, 40, 40, 40, 42, 42, 44, 44, 46, 46, 46, 44, 44, 46, 46, 46, 44, 44, 42, 40, 40, 42, 42, 40, 40, 42, 44, 44, 46, 46, 48, 50, 50, 48, 48, 48, 50, 50, 52, 52, 54, 54, 54, 52, 52, 54, 56, 56, 58, 58, 60, 62, 62, 60, 60, 62, 62, 60, 58, 58, 56, 56, 56, 56, 58, 58, 60, 62, 62, 60, 60, 62, 62, 60, 58, 58, 56, 56, 54, 52, 52, 54, 54, 54, 52, 52, 50, 50, 48, 48, 48, 50, 50, 48, 48, 50, 50, 48, 48, 48, 50, 50, 52, 52, 54, 54, 54, 52, 52, 54, 56, 56, 58, 58, 60, 62, 62, 60, 60, 62, 62, 60, 58, 58, 56, 56, 56, 56, 58, 58, 60, 62, 62, 60, 60, 62, 62, 60, 58, 58, 56, 56, 54, 52, 52, 54, 54, 54, 52, 52, 50, 50, 48, 48, 48, 50, 50, 48, 46, 46, 44, 44, 42, 40, 40, 42, 42, 40, 40, 42, 44, 44, 46, 46, 46, 44, 44, 46, 46, 46, 44, 44, 42, 42, 40, 40, 40, 42, 42, 40, 38, 36, 36, 38, 38, 38, 36, 36, 34, 34, 32, 32, 32, 34, 34, 32, 32, 32, 34, 34, 36, 38, 38, 36, 36, 38, 38, 36, 34, 34, 32, 32, 32, 32, 34, 34, 36, 38, 38, 36, 36, 38, 38, 36, 34, 34, 32, 32, 32, 34, 34, 32, 32, 32, 34, 34, 36, 36, 38, 38, 38, 36, 36, 38, 40, 42, 42, 40, 40, 40, 42, 42, 44, 44, 46, 46, 46, 44, 44, 46, 46, 46, 44, 44, 42, 40, 40, 42, 42, 40, 40, 42, 44, 44, 46, 46, 48, 50, 50, 48, 48, 48, 50, 50, 52, 52, 54, 54, 54, 52, 52, 54, 56, 56, 58, 58, 60, 62, 62, 60, 60, 62, 62, 60, 58, 58, 56, 56, 56, 56, 58, 58, 60, 62, 62, 60, 60, 62, 62, 60, 58, 58, 56, 56, 54, 52, 52, 54, 54, 54, 52, 52, 50, 50, 48, 48, 48, 50, 50, 48, 48, 50, 50, 48, 48, 48, 50, 50, 52, 52, 54, 54, 54, 52, 52, 54, 56, 56, 58, 58, 60, 62, 62, 60, 60, 62, 62, 60, 58, 58, 56, 56, 56, 56, 58, 58, 60, 62, 62, 60, 60, 62, 62, 60, 58, 58, 56, 56, 54, 52, 52, 54, 54, 54, 52, 52, 50, 50, 48, 48, 48, 50, 50, 48, 46, 46, 44, 44, 42, 40, 40, 42, 42, 40, 40, 42, 44, 44, 46, 46, 46, 44, 44, 46, 46, 46, 44, 44, 42, 42, 40, 40, 40, 42, 42, 40, 38, 36, 36, 38, 38, 38, 36, 36, 34, 34, 32, 32, 32, 34, 34, 32, 32, 32, 34, 34, 36, 38, 38, 36, 36, 38, 38, 36, 34, 34, 32, 32, 30, 28, 28, 30, 30, 30, 28, 28, 26, 26, 24, 24, 24, 26, 26, 24, 22, 22, 20, 20, 18, 16, 16, 18, 18, 16, 16, 18, 20, 20, 22, 22, 22, 22, 20, 20, 18, 16, 16, 18, 18, 16, 16, 18, 20, 20, 22, 22, 24, 26, 26, 24, 24, 24, 26, 26, 28, 28, 30, 30, 30, 28, 28, 30, 30, 30, 28, 28, 26, 24, 24, 26, 26, 24, 24, 26, 28, 28, 30, 30, 30, 28, 28, 30, 30, 30, 28, 28, 26, 26, 24, 24, 24, 26, 26, 24, 22, 20, 20, 22, 22, 22, 20, 20, 18, 18, 16, 16, 16, 18, 18, 16, 16, 16, 18, 18, 20, 22, 22, 20, 20, 22, 22, 20, 18, 18, 16, 16, 14, 14, 12, 12, 10,  8,  8, 10, 10,  8,  8, 10, 12, 12, 14, 14, 14, 12, 12, 14, 14, 14, 12, 12, 10, 10,  8,  8,  8, 10, 10,  8,  6,  4,  4,  6,  6,  6,  4,  4,  2,  2,  0,  0,  0,  2,  2,  0,  0,  0,  2,  2,  4,  6,  6,  4,  4,  6,  6,  4,  2,  2,  0,  0,  0,  2,  2,  0,  0,  0,  2,  2,  4,  4,  6,  6,  6,  4,  4,  6,  8,  8, 10, 10, 12, 14, 14, 12, 12, 14, 14, 12, 10, 10,  8,  8,  8,  8, 10, 10, 12, 14, 14, 12, 12, }// XCOOR
{0, 2, 2, 4, 6, 6, 4, 4, 6, 6, 4, 2, 2, 0, 0, 0, 2,  2,  0,  0,  0,  2,  2,  4,  4,  6,  6,  6,  4, 4, 6, 8, 10, 10,  8,  8,  8, 10, 10, 12, 12, 14, 14, 14, 12, 12, 14, 14, 14, 12, 12, 10, 8, 8, 10, 10, 8, 8, 10, 12, 12, 14, 14, 16, 18, 18, 16, 16, 16, 18, 18, 20, 20, 22, 22, 22, 20, 20, 22, 24, 24, 26, 26, 28, 30, 30, 28, 28, 30, 30, 28, 26, 26, 24, 24, 24, 24, 26, 26, 28, 30, 30, 28, 28, 30, 30, 28, 26, 26, 24, 24, 22, 20, 20, 22, 22, 22, 20, 20, 18, 18, 16, 16, 16, 18, 18, 16, 16, 18, 18, 16, 16, 16, 18, 18, 20, 20, 22, 22, 22, 20, 20, 22, 24, 24, 26, 26, 28, 30, 30, 28, 28, 30, 30, 28, 26, 26, 24, 24, 24, 24, 26, 26, 28, 30, 30, 28, 28, 30, 30, 28, 26, 26, 24, 24, 22, 20, 20, 22, 22, 22, 20, 20, 18, 18, 16, 16, 16, 18, 18, 16, 14, 14, 12, 12, 10,  8,  8, 10, 10,  8,  8, 10, 12, 12, 14, 14, 14, 12, 12, 14, 14, 14, 12, 12, 10, 10,  8,  8,  8, 10, 10,  8,  6,  4,  4,  6,  6,  6,  4,  4,  2,  2,  0,  0,  0,  2,  2,  0,  0,  0,  2,  2,  4,  6,  6,  4,  4,  6,  6,  4,  2,  2,  0,  0,  0,  2,  2,  0,  0,  0,  2,  2,  4,  4,  6,  6,  6,  4,  4,  6,  8,  8, 10, 10, 12, 14, 14, 12, 12, 14, 14, 12, 10, 10,  8,  8,  8,  8, 10, 10, 12, 14, 14, 12, 12, 14, 14, 12, 10, 10,  8,  8,  6,  4,  4,  6,  6,  6,  4,  4,  2,  2,  0,  0,  0,  2,  2,  0,  0,  0,  2,  2,  4,  6,  6,  4,  4,  6,  6,  4,  2,  2,  0,  0,  0,  2,  2,  0,  0,  0,  2,  2,  4,  4,  6,  6,  6,  4,  4,  6,  8, 10, 10,  8,  8,  8, 10, 10, 12, 12, 14, 14, 14, 12, 12, 14, 14, 14, 12, 12, 10,  8,  8, 10, 10,  8,  8, 10, 12, 12, 14, 14, 16, 16, 18, 18, 20, 22, 22, 20, 20, 22, 22, 20, 18, 18, 16, 16, 16, 18, 18, 16, 16, 16, 18, 18, 20, 20, 22, 22, 22, 20, 20, 22, 24, 26, 26, 24, 24, 24, 26, 26, 28, 28, 30, 30, 30, 28, 28, 30, 30, 30, 28, 28, 26, 24, 24, 26, 26, 24, 24, 26, 28, 28, 30, 30, 30, 28, 28, 30, 30, 30, 28, 28, 26, 26, 24, 24, 24, 26, 26, 24, 22, 22, 20, 20, 18, 16, 16, 18, 18, 16, 16, 18, 20, 20, 22, 22, 22, 22, 20, 20, 18, 16, 16, 18, 18, 16, 16, 18, 20, 20, 22, 22, 24, 26, 26, 24, 24, 24, 26, 26, 28, 28, 30, 30, 30, 28, 28, 30, 32, 34, 34, 32, 32, 32, 34, 34, 36, 36, 38, 38, 38, 36, 36, 38, 40, 40, 42, 42, 44, 46, 46, 44, 44, 46, 46, 44, 42, 42, 40, 40, 40, 40, 42, 42, 44, 46, 46, 44, 44, 46, 46, 44, 42, 42, 40, 40, 38, 36, 36, 38, 38, 38, 36, 36, 34, 34, 32, 32, 32, 34, 34, 32, 32, 32, 34, 34, 36, 38, 38, 36, 36, 38, 38, 36, 34, 34, 32, 32, 32, 34, 34, 32, 32, 32, 34, 34, 36, 36, 38, 38, 38, 36, 36, 38, 40, 42, 42, 40, 40, 40, 42, 42, 44, 44, 46, 46, 46, 44, 44, 46, 46, 46, 44, 44, 42, 40, 40, 42, 42, 40, 40, 42, 44, 44, 46, 46, 48, 48, 50, 50, 52, 54, 54, 52, 52, 54, 54, 52, 50, 50, 48, 48, 48, 50, 50, 48, 48, 48, 50, 50, 52, 52, 54, 54, 54, 52, 52, 54, 56, 58, 58, 56, 56, 56, 58, 58, 60, 60, 62, 62, 62, 60, 60, 62, 62, 62, 60, 60, 58, 56, 56, 58, 58, 56, 56, 58, 60, 60, 62, 62, 62, 60, 60, 62, 62, 62, 60, 60, 58, 58, 56, 56, 56, 58, 58, 56, 54, 54, 52, 52, 50, 48, 48, 50, 50, 48, 48, 50, 52, 52, 54, 54, 54, 54, 52, 52, 50, 48, 48, 50, 50, 48, 48, 50, 52, 52, 54, 54, 56, 58, 58, 56, 56, 56, 58, 58, 60, 60, 62, 62, 62, 60, 60, 62, 62, 62, 60, 60, 58, 56, 56, 58, 58, 56, 56, 58, 60, 60, 62, 62, 62, 60, 60, 62, 62, 62, 60, 60, 58, 58, 56, 56, 56, 58, 58, 56, 54, 52, 52, 54, 54, 54, 52, 52, 50, 50, 48, 48, 48, 50, 50, 48, 48, 48, 50, 50, 52, 54, 54, 52, 52, 54, 54, 52, 50, 50, 48, 48, 46, 44, 44, 46, 46, 46, 44, 44, 42, 42, 40, 40, 40, 42, 42, 40, 38, 38, 36, 36, 34, 32, 32, 34, 34, 32, 32, 34, 36, 36, 38, 38, 38, 38, 36, 36, 34, 32, 32, 34, 34, 32, 32, 34, 36, 36, 38, 38, 40, 42, 42, 40, 40, 40, 42, 42, 44, 44, 46, 46, 46, 44, 44, 46, 46, 44, 44, 46, 46, 46, 44, 44, 42, 42, 40, 40, 40, 42, 42, 40, 38, 38, 36, 36, 34, 32, 32, 34, 34, 32, 32, 34, 36, 36, 38, 38, 38, 38, 36, 36, 34, 32, 32, 34, 34, 32, 32, 34, 36, 36, 38, 38, 40, 42, 42, 40, 40, 40, 42, 42, 44, 44, 46, 46, 46, 44, 44, 46, 48, 48, 50, 50, 52, 54, 54, 52, 52, 54, 54, 52, 50, 50, 48, 48, 48, 50, 50, 48, 48, 48, 50, 50, 52, 52, 54, 54, 54, 52, 52, 54, 56, 58, 58, 56, 56, 56, 58, 58, 60, }// YCOOR

